300, 225
319, 205
312, 212
298, 212
317, 225
326, 205
329, 220
348, 206
345, 192
354, 200
347, 200
346, 207
363, 200
366, 219
361, 214
354, 199
334, 203
351, 203
350, 197
369, 184
380, 173
371, 191
376, 182
370, 165
374, 168
390, 186
403, 204
386, 221
376, 233
372, 251
369, 259
378, 269
388, 250
398, 237
396, 217
389, 208
406, 214
394, 224
374, 242
354, 262
341, 280
338, 279
346, 276
331, 268
344, 251
357, 246
342, 245
360, 265
347, 252
338, 270
334, 261
325, 255
316, 262
308, 279
306, 295
303, 309
314, 320
295, 316
287, 303
286, 297
266, 315
276, 326
278, 334
292, 346
290, 330
302, 330
310, 347
317, 352
330, 348
326, 349
317, 339
299, 326
280, 342
295, 352
310, 333
319, 335
309, 316
326, 310
322, 316
323, 298
319, 294
312, 299
292, 302
294, 296
279, 287
296, 304
295, 317
308, 333
315, 353
315, 346
323, 345
309, 348
309, 351
305, 358
310, 346
294, 351
300, 347
298, 362
307, 356
320, 339
328, 349
332, 351
338, 345
333, 329
320, 338
337, 341
324, 344
311, 357
326, 352
336, 346
339, 344
322, 349
320, 332
316, 328
311, 316
330, 322
310, 316
329, 306
329, 303
313, 283
296, 266
285, 259
275, 248
277, 268
282, 279
272, 266
257, 265
240, 277
251, 288
237, 282
248, 285
266, 304
276, 308
289, 288
271, 286
270, 282
259, 272
278, 271
270, 284
277, 280
267, 261
271, 264
270, 258
268, 278
263, 270
279, 266
269, 254
267, 269
262, 284
271, 280
268, 266
254, 246
256, 257
274, 267
270, 287
273, 283
263, 289
257, 300
250, 299
262, 318
275, 311
263, 314
269, 329
262, 331
255, 324
246, 311
240, 310
243, 294
238, 292
246, 300
263, 312
244, 321
252, 338
247, 352
263, 337
250, 319
266, 329
265, 332
272, 316
268, 314
274, 298
263, 302
282, 286
265, 277
248, 284
229, 274
224, 289
224, 270
219, 257
206, 251
195, 261
182, 273
162, 287
160, 276
180, 280
187, 264
197, 281
199, 280
184, 273
184, 260
190, 241
181, 227
188, 223
207, 230
198, 242
200, 235
207, 231
191, 212
186, 213
184, 225
179, 234
195, 219
208, 199
209, 180
203, 170
194, 186
174, 200
171, 188
177, 169
190, 154
189, 156
170, 162
158, 159
160, 140
161, 138
146, 156
154, 173
156, 156
146, 147
155, 148
171, 144
166, 148
147, 131
150, 123
132, 134
120, 149
115, 152
114, 160
110, 162
91, 159
86, 150
72, 156
87, 154
95, 173
94, 155
104, 173
109, 186
103, 191
103, 210
87, 192
93, 172
85, 156
100, 153
84, 165
80, 171
87, 158
97, 159
108, 176
114, 156
113, 145
105, 164
111, 167
113, 158
124, 151
124, 149
136, 146
153, 143
142, 144
147, 159
150, 150
155, 164
157, 178
177, 190
188, 202
196, 183
196, 199
183, 217
184, 197
189, 199
171, 212
180, 203
188, 184
180, 204
193, 193
176, 212
189, 219
176, 199
156, 185
142, 191
157, 182
171, 164
156, 162
172, 177
155, 177
160, 192
172, 198
172, 183
170, 187
170, 171
161, 153
144, 147
150, 167
163, 185
165, 177
158, 157
139, 158
137, 176
119, 189
123, 193
133, 185
140, 171
146, 163
155, 176
170, 176
188, 195
174, 186
164, 187
155, 194
157, 182
168, 186
177, 170
190, 179
179, 168
187, 168
199, 160
184, 140
187, 145
194, 131
187, 116
197, 118
182, 116
186, 131
191, 138
202, 145
214, 142
212, 162
207, 166
209, 185
210, 172
199, 167
186, 158
202, 174
214, 190
232, 180
220, 197
230, 197
241, 216
231, 226
230, 213
244, 210
236, 218
256, 209
239, 212
251, 226
251, 246
245, 229
257, 215
265, 232
261, 226
243, 239
228, 232
237, 238
249, 231
235, 240
249, 258
238, 269
234, 259
236, 271
220, 276
200, 286
191, 276
192, 256
178, 253
195, 262
198, 243
214, 224
223, 207
243, 196
223, 193
213, 173
232, 185
247, 187
267, 190
286, 210
297, 196
305, 188
295, 191
302, 191
314, 208
329, 217
346, 197
351, 183
336, 193
342, 182
360, 196
368, 190
372, 186
355, 186
343, 177
357, 163
362, 181
357, 198
374, 182
371, 178
351, 175
361, 158
365, 155
352, 168
360, 151
380, 133
392, 113
401, 115
410, 122
422, 134
441, 145
441, 145
457, 130
453, 143
434, 152
435, 145
447, 131
459, 127
467, 121
472, 139
487, 152
491, 138
506, 134
492, 137
479, 126
480, 131
466, 129
469, 149
480, 137
465, 143
446, 131
438, 120
430, 123
448, 128
468, 143
452, 160
456, 140
473, 128
474, 144
475, 152
485, 155
499, 149
511, 152
524, 157
518, 161
517, 144
537, 124
519, 111
538, 123
557, 116
559, 126
567, 136
574, 143
591, 143
596, 158
599, 143
599, 142
599, 150
599, 133
599, 139
594, 131
599, 145
598, 132
583, 125
590, 114
584, 118
591, 114
588, 113
580, 115
592, 117
579, 136
561, 118
580, 101
562, 102
561, 110
542, 129
536, 144
520, 155
536, 143
555, 156
543, 159
559, 139
569, 146
558, 161
575, 161
585, 168
599, 169
591, 152
592, 136
573, 137
588, 156
597, 141
599, 144
599, 144
599, 139
588, 132
587, 113
595, 112
578, 128
576, 127
592, 123
591, 113
591, 112
599, 127
594, 139
599, 120
579, 119
595, 139
599, 132
586, 116
593, 113
578, 115
564, 134
553, 116
573, 113
586, 98
575, 91
573, 89
573, 105
581, 113
568, 101
561, 110
561, 125
559, 120
539, 133
537, 121
518, 123
514, 109
513, 123
512, 112
517, 102
502, 117
482, 117
499, 129
517, 146
528, 162
544, 181
550, 193
544, 187
560, 177
559, 190
542, 193
560, 202
540, 206
540, 214
541, 230
537, 211
544, 205
545, 189
544, 189
538, 190
529, 208
519, 215
537, 224
529, 205
537, 204
544, 189
534, 174
542, 172
547, 174
529, 185
521, 203
534, 190
546, 205
533, 208
520, 211
520, 229
533, 237
539, 228
548, 221
549, 229
530, 227
522, 233
519, 243
513, 226
518, 208
523, 227
530, 234
536, 220
525, 205
507, 219
501, 199
501, 211
517, 197
501, 203
490, 218
503, 198
491, 199
471, 181
486, 167
501, 162
500, 174
493, 168
480, 188
500, 203
513, 220
508, 200
527, 193
539, 211
552, 225
549, 234
569, 229
560, 240
541, 227
537, 210
537, 225
520, 232
503, 242
520, 249
539, 269
537, 289
525, 302
510, 300
529, 311
530, 308
534, 289
542, 294
547, 287
553, 295
548, 290
535, 292
524, 274
538, 284
523, 300
507, 303
504, 311
502, 318
490, 300
488, 299
496, 319
504, 316
495, 312
506, 320
518, 300
535, 301
538, 295
519, 283
515, 267
513, 256
517, 237
518, 218
522, 237
527, 251
547, 232
538, 212
540, 217
551, 197
545, 193
527, 188
518, 172
523, 169
524, 172
507, 157
519, 143
530, 152
537, 156
529, 164
548, 172
543, 166
551, 172
558, 166
548, 160
534, 180
530, 187
525, 169
519, 176
504, 188
504, 174
501, 158
520, 142
509, 132
515, 116
508, 130
506, 145
488, 155
498, 144
479, 146
472, 147
452, 131
456, 127
469, 122
453, 138
471, 150
456, 147
449, 143
433, 147
448, 135
463, 132
465, 125
456, 136
452, 134
456, 128
459, 137
465, 155
477, 157
494, 151
483, 163
479, 158
476, 144
484, 155
465, 165
480, 158
475, 155
466, 174
449, 182
448, 202
445, 212
450, 220
455, 234
448, 223
461, 206
451, 223
455, 203
445, 208
463, 201
454, 193
469, 207
453, 207
455, 213
475, 194
463, 177
456, 160
457, 159
469, 163
475, 167
492, 182
497, 168
505, 174
485, 194
480, 198
499, 184
503, 175
487, 190
507, 178
492, 158
481, 178
485, 165
478, 173
463, 161
443, 162
430, 162
434, 174
441, 185
449, 188
469, 174
483, 154
468, 138
486, 134
504, 150
516, 153
527, 147
515, 148
533, 155
520, 166
507, 167
499, 163
490, 178
494, 189
500, 198
480, 195
475, 176
477, 181
460, 176
463, 187
479, 170
491, 173
471, 173
487, 167
485, 147
469, 154
449, 170
450, 161
444, 147
445, 164
432, 162
426, 169
419, 169
409, 151
404, 151
405, 166
391, 186
373, 195
360, 204
363, 190
381, 174
385, 166
403, 161
420, 143
434, 138
422, 125
406, 105
422, 123
413, 120
396, 106
404, 104
420, 123
440, 117
442, 128
450, 130
458, 127
464, 136
469, 116
488, 108
483, 91
476, 89
476, 101
490, 109
503, 125
501, 135
492, 122
475, 118
465, 104
454, 102
453, 93
449, 93
460, 87
473, 84
489, 89
508, 94
508, 95
523, 107
541, 110
527, 115
547, 95
544, 102
532, 86
521, 85
510, 69
523, 87
521, 105
504, 114
495, 130
482, 120
479, 122
464, 113
446, 124
430, 124
425, 136
428, 130
410, 140
416, 126
398, 135
408, 126
411, 128
421, 136
408, 144
397, 136
382, 140
402, 124
391, 115
394, 130
394, 111
386, 102
390, 114
375, 95
367, 96
366, 104
375, 118
387, 102
384, 100
387, 80
374, 77
383, 66
394, 47
386, 27
404, 31
385, 15
396, 25
408, 43
409, 27
399, 34
386, 42
376, 59
378, 59
384, 78
373, 73
383, 68
379, 69
375, 66
369, 79
382, 84
375, 100
356, 105
365, 108
384, 121
401, 120
417, 134
410, 154
404, 164
421, 162
434, 145
451, 165
471, 145
491, 141
504, 145
500, 153
489, 137
477, 157
480, 148
485, 167
493, 176
480, 189
461, 195
473, 186
486, 200
467, 208
471, 216
451, 206
435, 212
443, 203
437, 208
426, 193
434, 204
431, 205
442, 212
462, 224
465, 239
462, 251
473, 234
484, 220
502, 203
495, 220
507, 218
488, 221
476, 205
464, 189
445, 177
452, 183
433, 163
444, 166
450, 169
464, 159
456, 154
459, 158
442, 152
453, 143
446, 147
448, 145
464, 130
454, 113
470, 116
469, 123
456, 140
462, 156
482, 147
470, 142
453, 161
452, 142
442, 162
430, 169
438, 171
422, 162
414, 169
427, 183
408, 203
391, 222
391, 202
378, 206
394, 189
388, 208
402, 213
384, 200
372, 192
364, 189
360, 203
366, 222
380, 207
398, 206
386, 190
398, 199
391, 196
376, 202
364, 201
383, 203
386, 189
388, 198
393, 201
389, 182
391, 201
390, 213
399, 208
401, 197
419, 217
415, 206
434, 189
418, 201
432, 192
451, 211
457, 208
462, 225
458, 205
475, 194
484, 214
471, 197
465, 214
485, 212
505, 192
487, 186
480, 175
491, 188
485, 177
470, 162
479, 146
468, 131
450, 121
449, 126
454, 141
436, 140
417, 120
423, 132
439, 113
448, 104
463, 114
466, 131
446, 125
433, 122
415, 134
432, 131
429, 149
442, 155
460, 141
444, 141
448, 139
432, 140
413, 143
429, 130
426, 136
420, 142
431, 159
432, 162
440, 168
429, 168
435, 181
451, 173
437, 186
420, 204
419, 216
434, 205
437, 224
428, 209
448, 204
459, 217
474, 220
473, 233
461, 232
455, 248
445, 246
427, 236
427, 235
409, 231
424, 215
406, 210
404, 226
408, 223
414, 223
421, 235
403, 224
387, 232
395, 222
388, 222
374, 221
368, 227
385, 234
397, 226
381, 207
388, 220
379, 216
398, 202
396, 192
391, 207
393, 204
404, 188
398, 172
381, 162
399, 146
389, 165
388, 153
396, 143
400, 160
413, 175
426, 179
437, 188
450, 173
444, 155
463, 156
471, 146
463, 129
454, 126
474, 123
470, 130
450, 131
464, 133
466, 124
474, 128
465, 144
465, 146
482, 146
466, 142
455, 144
442, 132
450, 136
457, 151
471, 160
478, 156
466, 144
452, 152
444, 149
451, 161
458, 149
470, 144
460, 130
440, 142
429, 149
445, 131
425, 137
426, 156
443, 164
446, 176
453, 176
435, 173
424, 168
444, 180
445, 171
465, 169
463, 176
474, 176
483, 182
468, 171
457, 190
468, 192
479, 208
490, 207
497, 193
492, 186
500, 184
497, 187
503, 169
486, 176
486, 157
503, 151
494, 143
507, 163
495, 176
508, 162
493, 168
496, 187
495, 189
490, 207
490, 197
495, 208
500, 213
499, 197
498, 178
501, 172
519, 177
523, 194
503, 197
491, 215
495, 202
488, 194
500, 206
490, 224
483, 230
480, 227
485, 208
475, 227
461, 216
449, 198
462, 193
477, 208
471, 213
489, 206
480, 203
499, 196
507, 185
517, 173
510, 157
530, 156
550, 160
549, 180
560, 186
559, 201
569, 193
557, 178
571, 192
566, 205
578, 199
565, 189
545, 188
544, 176
527, 185
509, 176
490, 170
501, 177
490, 158
507, 145
525, 165
544, 171
552, 155
564, 156
576, 154
564, 171
546, 162
554, 157
565, 147
574, 148
590, 147
583, 163
597, 159
596, 139
599, 136
592, 153
576, 140
590, 140
599, 125
599, 145
599, 141
591, 135
582, 136
586, 122
587, 126
599, 120
599, 109
585, 97
566, 117
557, 103
548, 106
566, 97
576, 93
563, 78
559, 68
558, 56
549, 56
539, 65
533, 45
546, 46
529, 56
509, 43
523, 63
508, 63
523, 59
538, 72
543, 61
555, 62
547, 70
558, 65
538, 47
524, 45
523, 56
523, 48
524, 57
542, 47
556, 35
570, 36
569, 53
562, 50
573, 47
569, 28
569, 42
568, 43
570, 26
569, 38
551, 46
547, 30
531, 47
528, 67
510, 79
507, 98
519, 101
503, 106
518, 106
530, 120
548, 123
538, 135
557, 153
564, 152
557, 138
571, 121
563, 106
543, 117
537, 117
531, 124
531, 143
533, 153
523, 146
543, 141
549, 159
557, 163
547, 154
544, 141
548, 157
555, 164
535, 148
542, 138
522, 118
504, 125
504, 141
501, 133
500, 122
502, 111
488, 108
482, 116
490, 97
490, 97
472, 114
460, 105
461, 91
464, 106
447, 102
442, 87
444, 98
453, 111
469, 123
482, 141
466, 143
446, 151
441, 151
455, 140
435, 134
450, 131
442, 136
462, 142
459, 145
447, 153
459, 150
454, 158
474, 174
471, 161
458, 171
475, 172
494, 170
474, 188
489, 195
488, 212
498, 222
507, 210
522, 204
523, 214
516, 197
504, 187
520, 178
531, 190
511, 206
509, 218
511, 217
495, 228
483, 235
488, 248
472, 233
462, 223
470, 239
458, 250
474, 245
471, 257
474, 271
465, 291
451, 277
444, 278
430, 283
414, 294
433, 303
440, 310
452, 302
447, 314
466, 303
451, 313
447, 320
451, 306
449, 303
435, 295
442, 284
452, 280
451, 287
444, 303
427, 306
409, 303
418, 310
422, 313
405, 305
405, 309
402, 299
419, 280
406, 277
423, 279
422, 289
427, 305
412, 321
411, 311
398, 312
418, 302
413, 294
400, 308
391, 327
397, 319
401, 326
386, 316
394, 322
404, 310
415, 290
411, 297
394, 280
378, 283
373, 298
367, 301
370, 314
379, 331
359, 337
376, 321
365, 312
375, 312
381, 328
390, 334
410, 317
418, 330
410, 314
396, 306
391, 308
405, 320
422, 333
404, 326
406, 311
417, 314
417, 310
420, 321
406, 324
411, 319
401, 325
417, 320
433, 311
436, 326
446, 316
441, 321
427, 336
418, 321
415, 310
417, 305
416, 287
398, 301
406, 311
418, 322
410, 312
401, 300
416, 295
409, 315
412, 317
412, 328
402, 320
387, 306
375, 293
371, 298
365, 281
359, 298
377, 305
382, 302
390, 286
393, 289
380, 289
362, 308
349, 309
366, 302
358, 285
374, 301
391, 318
404, 300
387, 318
402, 314
400, 312
414, 303
394, 321
378, 323
385, 315
393, 303
385, 321
395, 319
384, 304
399, 313
382, 319
387, 319
407, 315
423, 298
423, 284
435, 273
453, 276
433, 290
422, 280
438, 264
442, 251
462, 271
482, 274
486, 292
467, 281
456, 265
468, 278
455, 265
444, 259
434, 272
421, 252
429, 256
434, 268
426, 253
422, 272
411, 265
408, 248
394, 251
385, 250
372, 237
366, 244
380, 225
365, 238
383, 249
396, 229
388, 230
401, 233
405, 240
409, 247
429, 258
414, 260
422, 268
415, 268
426, 284
432, 303
435, 297
441, 291
446, 291
434, 301
442, 316
428, 309
447, 291
460, 304
462, 298
444, 292
426, 309
426, 311
434, 298
449, 311
466, 300
446, 300
426, 298
445, 282
430, 288
422, 301
429, 284
443, 274
452, 290
454, 296
453, 316
444, 308
439, 305
422, 285
436, 284
449, 300
450, 283
444, 275
430, 283
431, 283
430, 301
419, 307
437, 313
430, 327
413, 307
415, 295
435, 315
448, 308
437, 294
426, 278
441, 281
445, 281
452, 290
458, 305
449, 299
450, 296
446, 306
438, 326
421, 306
425, 322
414, 331
416, 320
414, 311
418, 294
400, 304
420, 324
412, 320
428, 313
442, 296
422, 307
402, 327
399, 317
385, 309
384, 315
364, 312
347, 328
352, 346
351, 334
351, 349
359, 348
343, 343
341, 325
360, 319
352, 326
332, 322
319, 313
321, 322
330, 329
329, 340
337, 330
338, 322
336, 307
322, 305
339, 295
324, 286
319, 275
324, 293
314, 289
294, 307
297, 311
283, 326
273, 336
273, 320
286, 332
304, 335
294, 344
274, 324
255, 322
266, 326
249, 307
254, 296
250, 285
253, 275
266, 281
254, 300
260, 314
258, 323
269, 305
268, 293
267, 300
257, 280
272, 280
282, 287
296, 303
291, 287
277, 305
273, 292
269, 291
286, 288
283, 295
274, 299
264, 300
258, 304
276, 291
285, 290
292, 304
299, 301
316, 300
318, 293
327, 299
343, 310
323, 305
333, 291
352, 291
337, 282
342, 295
351, 298
367, 312
348, 324
346, 331
365, 346
371, 345
389, 330
374, 337
392, 341
391, 348
399, 336
400, 327
386, 309
391, 299
381, 314
388, 297
378, 315
381, 322
393, 305
387, 295
382, 292
376, 281
392, 284
401, 295
413, 295
399, 280
395, 267
384, 254
367, 242
349, 223
348, 237
338, 246
344, 230
328, 236
320, 236
315, 221
305, 202
324, 206
319, 221
333, 207
315, 205
299, 207
314, 226
300, 222
317, 206
333, 223
319, 241
327, 247
315, 246
329, 262
341, 251
357, 232
344, 220
349, 228
354, 226
355, 234
357, 241
344, 245
326, 228
309, 233
322, 219
310, 204
290, 213
283, 209
267, 201
266, 182
251, 166
262, 173
279, 166
259, 157
268, 177
248, 181
244, 164
256, 146
269, 148
261, 162
259, 149
269, 158
264, 174
265, 173
275, 182
263, 172
270, 164
280, 160
260, 142
249, 131
238, 140
222, 159
242, 158
227, 162
219, 181
201, 198
206, 206
209, 205
189, 204
205, 223
216, 233
235, 219
234, 226
236, 239
217, 256
213, 276
222, 260
217, 275
205, 263
187, 282
176, 290
160, 272
168, 292
159, 309
177, 301
169, 317
188, 299
198, 300
205, 312
209, 327
214, 327
232, 312
249, 322
250, 315
249, 299
239, 305
229, 299
226, 294
236, 312
250, 324
233, 336
252, 343
267, 357
286, 366
306, 361
286, 352
298, 355
282, 345
290, 331
293, 325
278, 307
276, 305
277, 306
284, 325
299, 319
297, 311
279, 319
266, 307
248, 287
267, 295
267, 294
262, 285
258, 293
260, 313
266, 311
281, 293
285, 286
293, 275
281, 280
301, 265
287, 259
291, 276
291, 264
293, 269
295, 274
277, 256
260, 262
248, 272
246, 262
236, 260
252, 258
261, 268
263, 274
282, 254
291, 256
291, 236
286, 220
297, 217
290, 209
287, 222
304, 223
311, 233
304, 234
288, 221
293, 212
292, 224
276, 216
291, 215
280, 230
285, 229
287, 241
288, 247
296, 245
312, 235
319, 237
328, 239
342, 220
352, 208
343, 215
346, 206
327, 198
312, 217
294, 209
281, 193
300, 208
297, 196
290, 208
276, 194
263, 209
253, 198
273, 190
269, 182
278, 187
292, 184
309, 171
298, 169
313, 188
299, 171
299, 189
298, 203
311, 214
295, 221
283, 230
302, 248
319, 234
322, 226
313, 208
312, 216
311, 221
323, 205
342, 186
358, 167
365, 164
382, 146
373, 157
377, 175
363, 156
348, 168
353, 181
370, 174
373, 183
371, 198
373, 196
357, 181
373, 189
359, 185
342, 192
323, 203
330, 198
337, 181
339, 161
357, 141
348, 126
359, 141
342, 122
323, 107
304, 87
301, 95
284, 98
268, 101
271, 96
267, 112
276, 108
290, 105
299, 105
280, 113
279, 119
268, 124
252, 121
267, 124
285, 142
277, 152
293, 167
298, 165
311, 176
305, 183
316, 172
300, 185
306, 204
306, 194
294, 209
311, 216
303, 219
307, 210
313, 193
329, 186
314, 202
329, 220
349, 236
330, 220
314, 227
300, 222
310, 228
290, 229
289, 246
295, 227
279, 207
269, 193
283, 203
280, 214
279, 224
276, 205
295, 190
287, 192
306, 186
295, 175
293, 166
310, 171
310, 178
312, 180
313, 174
315, 168
309, 165
312, 177
317, 188
300, 189
289, 170
284, 161
273, 167
279, 182
264, 202
269, 212
276, 197
275, 200
258, 197
243, 186
244, 169
256, 169
252, 186
246, 192
262, 177
250, 171
230, 162
230, 176
237, 179
254, 159
260, 177
240, 195
230, 188
210, 206
207, 189
207, 184
206, 171
200, 161
194, 162
209, 167
226, 183
226, 180
217, 169
237, 175
226, 158
245, 165
237, 163
221, 174
229, 171
238, 185
257, 199
243, 194
256, 203
261, 205
267, 201
259, 182
263, 181
253, 198
249, 207
242, 194
230, 194
235, 195
222, 187
217, 181
222, 187
240, 184
223, 191
242, 189
243, 170
254, 177
246, 184
252, 202
241, 221
240, 212
230, 194
244, 178
247, 197
240, 216
237, 215
232, 213
228, 218
227, 216
225, 210
239, 192
229, 210
226, 216
219, 200
212, 193
194, 183
187, 180
180, 161
187, 152
175, 156
188, 137
190, 134
198, 154
214, 141
199, 126
194, 113
194, 98
180, 117
198, 113
201, 124
182, 133
200, 152
212, 133
222, 149
218, 143
222, 163
239, 159
254, 174
273, 183
278, 172
289, 166
284, 178
286, 164
270, 171
281, 179
278, 171
258, 168
261, 164
260, 156
249, 164
242, 172
255, 192
244, 181
255, 175
239, 193
224, 175
214, 194
219, 191
224, 203
221, 195
229, 182
213, 163
218, 169
207, 179
208, 188
196, 169
188, 186
177, 189
158, 192
161, 186
157, 188
153, 180
159, 198
144, 183
138, 179
119, 164
117, 170
133, 155
117, 162
130, 159
138, 172
140, 157
134, 146
121, 141
107, 136
126, 147
144, 159
155, 162
162, 164
144, 157
157, 142
164, 160
180, 167
166, 187
162, 188
167, 169
158, 159
142, 171
136, 163
119, 147
106, 155
124, 167
142, 181
134, 193
129, 174
128, 170
119, 189
129, 198
116, 212
126, 198
120, 182
122, 183
139, 182
124, 174
106, 170
121, 172
140, 189
159, 190
153, 189
144, 193
131, 193
132, 195
148, 186
139, 166
126, 162
124, 144
118, 146
132, 158
148, 178
157, 184
171, 169
190, 160
178, 154
163, 165
154, 152
158, 160
141, 142
151, 129
142, 127
151, 121
132, 104
134, 100
127, 113
147, 111
152, 104
165, 119
162, 126
182, 130
169, 148
156, 134
149, 130
141, 126
152, 131
143, 125
162, 128
145, 120
164, 114
178, 125
173, 131
153, 131
144, 121
144, 114
158, 111
151, 111
149, 114
136, 111
142, 126
154, 111
151, 118
171, 120
177, 118
183, 112
182, 112
181, 114
185, 124
174, 119
169, 108
185, 121
181, 115
172, 107
153, 109
164, 115
165, 117
158, 112
169, 125
181, 123
181, 130
172, 125
185, 137
200, 152
214, 133
232, 123
215, 114
231, 106
211, 122
223, 128
211, 133
201, 117
181, 114
200, 94
180, 75
175, 90
156, 105
173, 111
184, 93
197, 91
209, 101
224, 92
243, 105
233, 111
240, 113
226, 127
235, 120
235, 124
250, 107
254, 127
256, 134
262, 117
270, 115
283, 101
268, 89
278, 86
288, 106
303, 93
307, 97
304, 101
297, 110
294, 111
290, 114
276, 116
292, 131
309, 144
297, 128
301, 145
315, 150
323, 152
317, 139
331, 124
343, 107
340, 98
340, 103
329, 104
335, 102
354, 112
356, 104
362, 121
347, 135
348, 150
353, 153
364, 173
376, 177
374, 181
387, 182
376, 164
371, 172
351, 159
355, 147
345, 154
338, 138
346, 121
333, 140
332, 125
323, 111
315, 114
299, 120
280, 129
292, 121
286, 108
272, 125
285, 108
280, 125
268, 113
273, 119
283, 118
278, 120
286, 103
292, 102
293, 99
295, 93
277, 82
284, 69
278, 78
262, 93
276, 81
283, 87
277, 105
271, 111
284, 111
289, 126
301, 123
310, 124
316, 112
314, 110
301, 115
320, 113
315, 93
316, 97
307, 80
322, 86
316, 87
299, 93
303, 110
318, 114
331, 133
315, 148
326, 137
340, 155
359, 144
368, 163
369, 152
378, 134
394, 125
382, 125
388, 141
406, 139
407, 123
423, 140
437, 121
438, 108
436, 108
450, 120
438, 116
440, 129
436, 111
420, 114
440, 128
452, 137
445, 126
435, 142
422, 127
404, 123
420, 111
412, 129
423, 139
418, 121
430, 138
424, 139
422, 155
417, 175
404, 179
402, 168
403, 175
413, 155
402, 138
417, 123
410, 136
404, 152
421, 140
434, 134
453, 130
438, 147
419, 137
407, 152
405, 154
408, 148
421, 160
416, 156
401, 162
413, 177
426, 159
427, 161
408, 173
401, 161
413, 167
399, 186
389, 167
376, 158
394, 166
398, 174
386, 191
393, 200
387, 208
385, 198
389, 187
405, 206
391, 213
382, 216
362, 220
356, 207
351, 192
342, 183
333, 197
337, 177
329, 172
331, 186
318, 202
328, 205
338, 199
320, 214
314, 202
298, 221
299, 222
301, 215
290, 213
282, 233
281, 237
298, 250
291, 250
287, 252
299, 248
314, 242
317, 244
324, 225
308, 220
327, 225
332, 226
332, 235
331, 236
348, 243
342, 237
337, 249
355, 255
366, 260
378, 260
373, 246
355, 235
364, 219
363, 229
364, 219
375, 238
361, 251
370, 242
374, 247
361, 246
365, 234
370, 215
390, 201
396, 183
415, 201
401, 198
393, 216
378, 206
385, 211
395, 191
408, 203
403, 209
397, 190
406, 179
407, 180
410, 164
429, 179
428, 172
416, 154
418, 160
407, 165
399, 155
389, 157
397, 137
388, 131
392, 137
404, 151
418, 142
420, 133
428, 146
421, 149
411, 167
405, 179
416, 181
406, 198
422, 210
416, 204
422, 217
409, 236
420, 249
431, 238
448, 256
448, 264
434, 275
420, 279
432, 292
448, 284
439, 276
453, 270
451, 275
434, 282
454, 284
471, 288
467, 289
469, 270
469, 252
486, 261
506, 241
519, 258
499, 244
490, 251
494, 238
483, 235
463, 229
466, 221
462, 221
456, 218
437, 225
438, 212
430, 220
415, 201
415, 203
412, 199
424, 210
419, 225
415, 221
417, 206
418, 196
409, 176
420, 162
421, 169
401, 189
383, 170
388, 151
395, 136
392, 124
372, 124
384, 139
386, 143
380, 123
382, 131
366, 128
354, 111
345, 123
347, 125
354, 132
358, 134
374, 149
369, 129
358, 122
375, 141
382, 133
377, 116
387, 115
385, 112
383, 124
375, 105
377, 98
384, 117
401, 120
407, 109
427, 129
447, 146
436, 150
446, 144
454, 153
460, 144
456, 154
453, 161
452, 158
434, 152
421, 141
430, 152
421, 169
410, 166
419, 182
424, 163
423, 155
427, 147
431, 130
446, 111
466, 130
469, 148
479, 157
466, 147
483, 165
469, 175
484, 184
481, 171
462, 185
466, 173
481, 168
463, 172
449, 180
431, 195
451, 206
460, 224
440, 226
427, 229
418, 212
433, 193
421, 180
403, 161
393, 150
405, 143
395, 151
415, 166
424, 178
407, 193
419, 209
399, 228
412, 226
422, 220
409, 235
426, 235
440, 249
443, 236
440, 236
444, 250
452, 230
450, 241
442, 249
458, 234
440, 226
426, 206
408, 212
407, 214
397, 233
389, 234
401, 219
410, 214
411, 195
430, 213
430, 229
422, 243
430, 244
415, 264
426, 283
415, 268
402, 271
395, 259
412, 256
398, 258
381, 261
396, 245
399, 227
392, 216
378, 205
388, 195
370, 196
374, 195
364, 191
356, 176
363, 161
381, 175
395, 191
380, 183
371, 183
368, 201
379, 183
371, 193
359, 208
370, 211
369, 197
352, 213
357, 208
339, 216
339, 221
344, 226
347, 206
360, 218
343, 230
350, 220
352, 225
342, 222
352, 208
364, 194
367, 204
373, 221
374, 208
385, 224
388, 206
406, 215
411, 222
394, 208
396, 201
415, 186
402, 196
400, 207
416, 197
423, 178
440, 173
428, 165
431, 156
432, 166
420, 165
422, 165
413, 184
401, 188
397, 171
407, 154
424, 157
436, 171
453, 159
464, 177
453, 188
439, 168
423, 167
408, 152
409, 144
425, 128
411, 126
429, 146
433, 149
432, 168
420, 160
427, 161
424, 169
436, 169
435, 149
427, 148
420, 146
400, 157
386, 147
372, 143
372, 140
377, 127
383, 119
366, 131
367, 117
370, 128
350, 138
333, 121
342, 134
360, 138
356, 150
353, 167
351, 176
365, 167
346, 176
342, 178
330, 172
341, 167
348, 156
337, 150
346, 161
359, 152
353, 162
341, 171
329, 184
331, 179
313, 159
302, 177
311, 170
291, 187
287, 193
298, 178
293, 195
292, 180
305, 195
289, 188
281, 180
292, 195
296, 194
300, 210
287, 216
274, 212
279, 228
297, 208
293, 189
273, 175
289, 161
296, 178
298, 188
283, 195
297, 201
297, 218
296, 218
311, 224
325, 228
312, 214
306, 214
306, 225
293, 231
291, 239
307, 236
316, 228
308, 217
291, 198
299, 217
307, 206
317, 221
316, 222
318, 220
326, 202
341, 206
324, 201
325, 201
311, 207
316, 211
299, 216
283, 204
267, 206
282, 207
268, 187
277, 172
289, 156
277, 147
268, 153
265, 145
269, 144
251, 137
266, 153
283, 154
274, 169
256, 155
251, 148
247, 138
255, 145
255, 161
252, 141
244, 152
236, 148
218, 152
223, 158
209, 144
192, 153
193, 156
211, 157
206, 168
226, 187
245, 201
247, 198
249, 179
261, 193
242, 173
234, 179
227, 163
247, 152
234, 141
224, 145
218, 150
210, 136
215, 144
198, 150
203, 160
185, 162
202, 181
220, 189
200, 209
198, 220
192, 208
189, 222
178, 233
197, 225
195, 214
199, 228
186, 232
176, 219
163, 217
182, 199
162, 213
171, 208
160, 193
158, 195
157, 215
145, 201
126, 191
142, 185
152, 165
150, 164
143, 181
163, 188
144, 177
132, 192
131, 210
115, 205
110, 186
128, 182
139, 189
129, 190
138, 203
133, 183
150, 182
161, 178
180, 174
180, 163
199, 163
197, 154
208, 147
196, 167
202, 161
215, 172
214, 166
224, 166
232, 182
222, 168
215, 187
230, 197
250, 178
247, 173
254, 171
257, 179
258, 175
250, 162
265, 143
255, 143
271, 128
254, 110
260, 116
264, 107
258, 101
267, 106
258, 90
249, 105
235, 125
219, 144
226, 145
235, 128
251, 112
264, 113
284, 102
272, 101
255, 97
274, 95
272, 103
275, 117
276, 108
292, 96
293, 110
300, 110
290, 105
273, 89
267, 106
278, 97
288, 110
283, 112
281, 99
301, 106
301, 124
289, 114
269, 111
253, 113
264, 117
270, 136
262, 150
261, 146
244, 139
232, 127
225, 140
207, 131
224, 149
220, 164
228, 168
213, 167
233, 172
222, 170
223, 173
220, 192
223, 195
217, 199
230, 191
236, 172
216, 176
215, 185
204, 183
185, 168
166, 152
149, 147
140, 155
122, 143
116, 153
126, 140
120, 153
130, 140
134, 156
140, 163
135, 174
133, 187
116, 169
126, 175
137, 172
117, 181
127, 199
126, 188
122, 183
109, 191
129, 186
149, 170
159, 181
160, 172
168, 152
163, 171
169, 162
169, 167
187, 155
181, 162
161, 178
168, 171
184, 172
201, 168
202, 185
204, 191
214, 210
200, 216
218, 205
232, 213
213, 217
210, 200
229, 207
214, 214
234, 197
238, 194
240, 199
259, 213
269, 213
277, 220
266, 210
269, 197
253, 177
243, 172
224, 155
209, 136
204, 141
185, 149
187, 164
194, 152
211, 137
228, 124
238, 143
226, 138
215, 152
218, 166
230, 154
241, 160
245, 176
226, 158
239, 151
233, 143
251, 148
233, 131
246, 120
228, 139
219, 155
226, 141
226, 159
227, 139
215, 155
198, 173
214, 154
231, 136
226, 125
228, 116
220, 121
236, 131
232, 132
225, 141
212, 133
230, 132
215, 149
208, 137
217, 156
201, 157
204, 169
213, 187
208, 183
197, 175
197, 174
208, 165
190, 159
196, 140
213, 122
207, 123
200, 135
199, 123
202, 131
221, 144
220, 130
202, 115
217, 126
234, 126
252, 139
238, 159
257, 139
244, 159
255, 169
256, 182
239, 185
258, 188
256, 190
240, 175
251, 181
264, 183
267, 196
277, 200
268, 203
254, 213
238, 217
248, 215
265, 226
279, 221
263, 221
248, 202
260, 219
265, 213
274, 208
276, 208
275, 222
269, 222
264, 221
271, 207
275, 188
290, 174
308, 184
317, 169
318, 180
303, 164
291, 154
294, 137
281, 137
297, 120
281, 104
295, 92
311, 83
302, 75
286, 90
297, 76
283, 77
288, 92
300, 111
291, 121
285, 102
281, 102
293, 104
307, 101
321, 111
318, 100
309, 93
303, 87
305, 105
307, 109
316, 105
307, 88
309, 104
320, 88
340, 99
359, 100
351, 110
363, 102
363, 104
344, 110
346, 99
342, 110
343, 126
355, 129
374, 132
377, 134
395, 128
389, 108
370, 99
363, 114
371, 131
373, 135
387, 115
392, 98
401, 102
408, 122
405, 136
392, 146
410, 154
417, 171
426, 158
426, 143
416, 136
432, 135
415, 148
426, 137
409, 151
410, 169
390, 183
388, 172
379, 153
397, 155
414, 144
404, 157
417, 144
435, 126
431, 120
419, 108
436, 104
417, 116
402, 132
390, 129
374, 117
370, 118
369, 122
379, 142
365, 147
347, 144
348, 149
357, 167
351, 169
357, 168
366, 188
370, 174
362, 179
362, 169
351, 153
333, 136
321, 124
304, 105
287, 116
306, 119
324, 107
315, 121
313, 106
302, 108
316, 116
305, 115
296, 132
282, 125
266, 106
261, 100
273, 100
269, 89
285, 107
266, 109
282, 102
279, 95
282, 82
276, 99
268, 108
286, 96
285, 116
275, 101
263, 92
267, 93
287, 100
306, 99
299, 98
294, 92
278, 109
270, 90
273, 104
275, 111
282, 121
270, 112
281, 120
281, 113
289, 100
288, 101
287, 85
305, 88
299, 99
289, 100
280, 86
263, 80
255, 69
239, 61
258, 71
267, 78
249, 72
266, 80
254, 80
238, 83
246, 91
256, 88
262, 83
274, 103
281, 93
292, 111
288, 105
273, 109
268, 109
284, 103
296, 89
286, 94
267, 83
257, 103
260, 95
260, 112
242, 127
258, 118
258, 108
255, 101
266, 95
276, 93
283, 92
269, 104
283, 112
285, 127
273, 116
263, 121
248, 133
254, 117
256, 118
252, 122
248, 141
232, 155
242, 145
238, 133
223, 117
234, 128
252, 130
251, 125
251, 140
265, 159
272, 165
290, 165
284, 156
277, 172
261, 178
262, 184
252, 189
265, 209
248, 217
250, 211
241, 203
241, 208
257, 189
273, 195
293, 215
310, 202
319, 219
337, 223
339, 212
343, 225
342, 224
359, 224
345, 208
328, 226
316, 234
323, 228
329, 230
309, 213
316, 227
324, 243
313, 226
294, 224
277, 215
266, 207
257, 226
270, 206
261, 192
279, 185
284, 196
270, 187
251, 173
267, 178
262, 184
242, 186
240, 187
244, 179
227, 184
244, 197
233, 204
252, 214
245, 202
238, 215
252, 230
256, 232
257, 229
256, 237
266, 227
282, 208
264, 192
266, 188
248, 208
228, 201
231, 199
234, 190
245, 198
240, 182
257, 162
263, 155
244, 159
244, 178
244, 160
225, 179
234, 196
224, 189
232, 202
217, 182
231, 193
234, 180
229, 181
222, 162
239, 150
256, 133
274, 122
277, 117
258, 125
243, 129
240, 119
242, 101
239, 121
243, 133
242, 133
242, 149
233, 140
239, 146
233, 165
220, 161
231, 142
215, 149
208, 140
227, 156
234, 142
239, 145
248, 153
261, 159
268, 158
270, 151
261, 134
252, 118
238, 104
250, 105
233, 118
244, 118
241, 131
224, 146
208, 131
206, 120
197, 128
200, 145
213, 153
194, 160
214, 171
228, 154
225, 152
229, 147
235, 141
226, 129
223, 141
230, 137
234, 146
223, 163
232, 168
247, 152
233, 147
236, 151
254, 151
249, 153
244, 149
258, 138
259, 128
255, 118
265, 114
259, 131
241, 132
231, 143
211, 128
194, 125
212, 139
192, 159
197, 152
183, 142
185, 126
179, 138
167, 124
169, 127
175, 109
161, 90
150, 86
159, 91
163, 110
177, 106
180, 115
199, 126
193, 107
199, 104
202, 111
202, 123
205, 115
216, 131
224, 116
212, 106
209, 94
190, 78
177, 69
171, 56
178, 63
183, 83
180, 88
163, 90
168, 103
161, 113
169, 105
171, 119
160, 113
176, 94
191, 111
185, 105
188, 118
194, 138
200, 122
214, 131
222, 126
228, 141
210, 138
206, 137
200, 129
198, 134
197, 151
179, 156
160, 146
143, 159
156, 147
166, 137
167, 147
168, 157
177, 161
169, 168
159, 151
179, 147
194, 160
208, 147
212, 161
217, 160
217, 159
224, 178
224, 197
231, 207
249, 216
249, 219
231, 213
241, 205
233, 211
231, 213
232, 198
252, 180
255, 185
261, 184
245, 179
253, 162
255, 153
248, 138
245, 119
242, 120
245, 116
246, 131
249, 124
266, 105
256, 99
267, 101
272, 93
257, 91
265, 98
284, 102
278, 112
285, 130
298, 119
298, 119
288, 123
308, 118
290, 123
272, 120
260, 134
255, 144
243, 162
242, 174
256, 166
269, 163
271, 176
272, 177
266, 192
258, 177
267, 172
277, 189
259, 184
279, 201
279, 190
259, 177
271, 176
281, 164
277, 170
269, 189
254, 181
263, 177
269, 172
251, 155
249, 166
243, 168
242, 180
262, 180
253, 164
235, 169
247, 154
261, 172
248, 155
245, 161
249, 152
254, 157
252, 170
267, 180
248, 182
256, 196
267, 195
259, 191
266, 197
272, 195
261, 176
264, 160
282, 147
267, 165
267, 173
284, 184
286, 197
306, 199
291, 210
299, 217
289, 206
307, 188
309, 181
312, 161
299, 165
302, 183
293, 196
310, 203
319, 189
317, 186
301, 178
321, 195
304, 187
300, 181
297, 179
303, 181
298, 189
312, 195
300, 212
292, 220
303, 210
310, 227
321, 243
340, 253
336, 267
338, 270
332, 283
351, 280
370, 297
368, 289
369, 285
375, 283
376, 288
358, 282
370, 276
355, 261
349, 261
342, 279
354, 266
368, 250
365, 231
354, 233
362, 224
366, 240
360, 228
380, 237
392, 245
377, 249
380, 258
366, 261
350, 242
352, 223
338, 218
339, 202
334, 210
334, 212
334, 214
329, 225
328, 242
330, 230
341, 238
353, 244
363, 243
346, 255
339, 265
343, 279
337, 289
353, 289
346, 275
326, 287
314, 296
329, 294
314, 292
318, 287
315, 281
311, 283
316, 267
296, 254
286, 253
289, 257
282, 238
296, 229
315, 222
333, 236
351, 238
350, 219
345, 236
360, 255
355, 275
363, 291
378, 289
363, 287
367, 285
370, 270
352, 268
369, 278
367, 286
379, 274
397, 278
378, 278
365, 293
365, 308
375, 320
392, 308
375, 315
360, 319
373, 320
371, 320
359, 333
356, 313
362, 296
349, 300
341, 315
331, 312
316, 303
299, 316
302, 323
290, 309
298, 307
293, 310
301, 321
285, 301
267, 298
248, 318
260, 319
265, 306
267, 322
268, 314
263, 296
273, 309
273, 328
292, 327
285, 321
278, 340
262, 331
249, 329
249, 334
239, 340
252, 332
270, 314
269, 309
277, 294
267, 284
282, 301
274, 296
272, 315
266, 334
266, 322
258, 334
253, 343
262, 345
280, 333
265, 328
254, 346
252, 344
269, 329
258, 337
270, 347
282, 337
296, 351
296, 360
300, 348
310, 354
328, 335
323, 318
328, 302
347, 299
334, 293
315, 307
315, 292
333, 299
330, 303
336, 310
327, 307
307, 323
308, 308
302, 324
287, 337
289, 321
278, 339
277, 358
293, 366
309, 355
295, 351
304, 361
309, 360
316, 348
322, 343
313, 349
301, 364
295, 347
309, 343
296, 344
295, 336
279, 338
291, 347
279, 350
281, 357
278, 353
274, 360
263, 347
261, 336
276, 325
275, 336
262, 320
278, 331
275, 341
277, 345
277, 338
290, 319
299, 305
307, 325
297, 305
281, 303
282, 283
262, 273
248, 255
239, 263
245, 283
252, 298
241, 310
249, 299
248, 287
262, 284
245, 298
241, 298
247, 312
264, 301
253, 301
253, 316
236, 306
231, 296
242, 304
241, 288
237, 303
232, 285
249, 305
248, 299
255, 305
249, 312
243, 315
243, 302
229, 321
234, 337
220, 356
230, 368
228, 368
240, 364
222, 384
230, 375
250, 359
241, 351
253, 361
234, 365
233, 371
237, 352
232, 365
227, 368
214, 382
226, 381
246, 366
241, 367
230, 367
240, 374
253, 367
253, 367
245, 363
242, 360
230, 355
248, 374
256, 359
243, 346
233, 342
216, 346
226, 334
230, 338
235, 329
227, 316
234, 315
247, 322
255, 334
260, 333
266, 326
264, 329
273, 312
281, 295
286, 286
303, 306
293, 312
312, 321
307, 315
292, 310
272, 293
266, 281
259, 274
265, 257
252, 271
256, 280
270, 273
251, 265
231, 249
213, 262
206, 244
187, 257
201, 260
201, 258
181, 241
169, 255
162, 240
153, 242
135, 231
120, 246
108, 231
91, 226
111, 233
99, 215
119, 234
136, 233
149, 230
143, 226
161, 207
159, 187
140, 192
158, 201
162, 182
150, 187
150, 189
143, 208
159, 218
177, 233
162, 224
156, 214
140, 229
159, 222
154, 225
137, 208
132, 192
122, 193
135, 198
118, 202
134, 211
140, 223
156, 227
144, 219
132, 238
142, 240
148, 231
159, 245
158, 231
177, 249
171, 242
157, 231
173, 234
191, 232
199, 232
203, 219
220, 206
226, 218
237, 222
256, 204
274, 194
258, 178
258, 197
275, 210
255, 203
260, 199
257, 192
277, 208
267, 209
254, 217
261, 213
251, 213
240, 207
244, 194
226, 179
207, 175
199, 174
187, 162
181, 164
178, 172
195, 176
191, 184
203, 184
194, 183
214, 167
233, 164
225, 161
215, 149
235, 158
234, 146
233, 150
217, 138
202, 131
204, 122
221, 138
220, 137
239, 118
254, 133
261, 146
256, 143
240, 124
235, 129
251, 115
268, 116
269, 120
253, 130
262, 123
255, 119
258, 99
272, 85
264, 97
275, 102
289, 111
303, 104
299, 109
295, 97
315, 96
316, 113
330, 119
336, 103
317, 95
297, 101
295, 115
306, 129
303, 124
299, 121
286, 111
279, 113
297, 119
279, 137
293, 138
280, 135
296, 126
295, 112
304, 93
323, 92
307, 107
318, 126
308, 134
313, 114
322, 109
314, 107
298, 94
306, 78
315, 91
303, 103
290, 87
302, 101
282, 94
278, 93
270, 83
258, 69
264, 73
278, 93
295, 93
310, 93
330, 96
343, 101
347, 116
338, 108
333, 118
319, 118
321, 103
311, 98
307, 101
304, 85
298, 82
294, 78
291, 82
305, 95
324, 110
339, 121
327, 107
326, 100
341, 94
354, 113
357, 121
368, 123
368, 127
351, 129
335, 120
344, 105
355, 114
345, 133
363, 141
344, 153
327, 163
322, 162
317, 149
331, 160
340, 155
327, 149
317, 168
316, 175
299, 163
301, 181
306, 170
312, 164
312, 155
323, 164
306, 170
322, 190
334, 194
347, 210
366, 226
358, 222
339, 238
355, 246
349, 232
356, 221
336, 232
348, 243
344, 247
356, 259
367, 245
377, 263
385, 266
385, 268
366, 250
356, 242
339, 262
329, 272
337, 258
353, 268
339, 287
323, 296
304, 278
316, 267
306, 272
298, 255
301, 256
293, 258
283, 278
295, 260
314, 274
319, 260
309, 269
290, 278
273, 276
258, 263
240, 268
220, 278
210, 277
196, 278
176, 278
187, 274
189, 282
195, 263
202, 247
206, 254
190, 267
199, 286
192, 266
179, 282
166, 273
161, 277
168, 272
161, 278
164, 272
164, 253
146, 258
144, 252
152, 269
133, 286
145, 295
157, 295
162, 307
180, 327
200, 314
180, 320
200, 304
194, 298
197, 279
206, 296
211, 288
225, 305
220, 323
223, 306
222, 313
206, 299
198, 294
206, 287
212, 294
231, 306
220, 324
206, 318
200, 323
181, 310
165, 290
149, 292
134, 298
134, 303
150, 285
130, 284
126, 283
134, 295
152, 283
135, 294
129, 304
127, 317
110, 298
99, 309
119, 324
129, 324
115, 331
105, 326
120, 310
100, 312
110, 328
122, 322
118, 322
115, 323
132, 322
136, 332
125, 329
139, 347
133, 328
119, 336
117, 319
106, 309
116, 319
133, 300
113, 320
114, 316
107, 298
102, 283
93, 274
82, 261
78, 256
72, 238
69, 221
60, 224
79, 231
72, 217
75, 220
72, 225
79, 210
82, 190
80, 180
80, 190
82, 171
96, 163
91, 172
103, 170
123, 158
111, 138
129, 155
145, 146
146, 126
141, 119
155, 138
167, 140
167, 142
161, 125
166, 107
182, 101
199, 108
195, 119
177, 115
167, 121
170, 107
185, 109
201, 125
197, 126
206, 116
190, 134
181, 141
176, 137
164, 117
179, 106
178, 122
177, 140
171, 143
174, 157
163, 156
164, 150
172, 155
160, 148
148, 133
161, 144
179, 149
190, 161
178, 161
179, 151
190, 134
195, 141
210, 135
196, 148
204, 163
200, 158
209, 155
228, 150
208, 155
220, 138
204, 133
223, 120
225, 110
238, 130
241, 134
238, 141
219, 147
239, 157
258, 172
241, 165
222, 173
231, 184
238, 196
225, 183
240, 177
248, 158
234, 168
239, 159
222, 172
209, 165
229, 145
216, 159
204, 166
204, 165
210, 172
224, 161
219, 153
200, 172
214, 184
196, 195
185, 177
190, 185
206, 190
197, 181
186, 198
192, 187
209, 177
217, 190
212, 207
209, 192
208, 183
222, 171
225, 170
211, 177
230, 178
221, 194
201, 175
194, 171
199, 170
210, 157
211, 164
201, 173
193, 187
202, 175
215, 164
211, 173
218, 168
220, 166
225, 176
241, 183
222, 174
218, 185
201, 179
192, 163
198, 157
204, 150
196, 135
177, 119
179, 100
191, 114
196, 107
214, 96
216, 88
223, 85
214, 99
217, 98
220, 90
230, 96
248, 104
234, 105
228, 98
236, 108
217, 107
210, 106
214, 97
204, 95
186, 82
199, 88
205, 106
191, 88
196, 72
183, 73
198, 74
204, 93
221, 112
231, 110
241, 116
255, 105
241, 116
240, 128
258, 134
241, 121
258, 133
265, 124
285, 118
301, 103
292, 123
302, 107
302, 87
319, 82
325, 89
342, 102
358, 104
365, 120
361, 111
365, 112
361, 101
341, 118
326, 114
330, 106
334, 120
326, 118
342, 118
354, 102
339, 104
334, 115
343, 96
326, 96
316, 91
297, 111
291, 102
309, 119
320, 109
310, 105
326, 123
327, 129
311, 139
312, 135
312, 135
323, 122
313, 132
316, 124
308, 104
298, 107
289, 87
285, 72
265, 72
269, 91
272, 104
291, 99
293, 114
297, 106
295, 97
313, 116
300, 115
309, 130
289, 114
270, 123
256, 107
236, 119
239, 109
232, 127
240, 126
257, 119
252, 102
251, 90
245, 86
236, 96
233, 106
246, 99
248, 105
229, 106
234, 98
235, 91
223, 106
236, 98
226, 89
215, 103
224, 101
222, 91
241, 111
248, 109
266, 118
257, 134
250, 141
268, 153
285, 172
266, 172
259, 169
260, 155
240, 171
248, 162
256, 176
249, 195
248, 180
244, 164
255, 166
246, 146
232, 159
238, 139
221, 122
226, 107
243, 95
229, 96
249, 107
266, 108
259, 102
267, 103
259, 94
277, 112
280, 117
265, 115
252, 111
270, 112
253, 103
273, 96
293, 108
291, 127
275, 111
265, 129
282, 121
267, 131
280, 113
269, 103
259, 113
261, 93
248, 110
245, 103
256, 108
270, 109
279, 114
288, 113
306, 126
308, 121
309, 109
324, 105
322, 108
340, 101
347, 107
334, 93
334, 86
343, 105
346, 119
351, 136
344, 152
339, 155
326, 137
310, 122
324, 107
315, 113
305, 107
295, 95
279, 114
299, 125
280, 141
275, 121
259, 140
249, 137
253, 141
234, 143
214, 160
212, 169
227, 166
231, 178
226, 171
236, 166
253, 179
250, 190
245, 176
261, 168
259, 158
264, 172
249, 162
243, 142
251, 127
258, 138
249, 120
239, 121
243, 133
248, 136
254, 149
248, 165
258, 165
264, 167
254, 153
264, 139
253, 132
241, 143
251, 144
263, 144
283, 148
294, 134
308, 148
320, 135
300, 139
311, 141
322, 158
323, 149
313, 137
316, 145
319, 126
299, 135
301, 115
312, 109
318, 116
336, 114
339, 116
340, 109
339, 103
331, 106
329, 88
331, 106
332, 101
316, 115
334, 129
328, 112
347, 131
357, 144
374, 146
354, 140
356, 139
339, 149
358, 151
353, 132
351, 129
336, 116
353, 96
347, 85
332, 67
315, 77
295, 93
305, 83
325, 96
319, 89
338, 80
322, 81
306, 77
312, 94
305, 85
303, 94
285, 95
278, 109
283, 122
267, 115
249, 98
244, 107
237, 92
249, 100
235, 84
228, 95
246, 101
235, 114
220, 132
207, 123
223, 133
225, 141
243, 137
242, 140
241, 151
224, 155
243, 166
261, 186
244, 172
242, 178
222, 159
216, 148
223, 140
225, 144
237, 144
250, 150
256, 132
270, 137
267, 120
278, 118
292, 118
277, 106
285, 107
274, 91
280, 75
288, 71
301, 83
299, 91
282, 84
296, 99
311, 101
307, 116
310, 119
325, 110
322, 98
310, 87
312, 93
315, 112
335, 103
329, 104
313, 121
316, 102
297, 102
296, 94
295, 110
288, 102
278, 98
297, 113
287, 125
286, 137
299, 134
288, 151
298, 155
292, 158
290, 159
302, 151
296, 151
286, 170
287, 170
289, 186
281, 169
269, 166
288, 172
271, 162
276, 142
258, 159
248, 144
242, 154
261, 144
249, 157
265, 169
272, 183
267, 170
281, 177
276, 178
277, 174
261, 167
273, 174
270, 166
288, 168
268, 149
258, 137
243, 154
238, 155
228, 148
239, 140
258, 156
263, 169
268, 160
282, 168
273, 149
256, 150
240, 170
258, 183
246, 188
252, 188
258, 184
241, 169
246, 164
232, 168
228, 160
238, 158
231, 155
223, 140
210, 136
204, 128
208, 113
225, 93
210, 82
224, 83
242, 97
259, 89
267, 78
270, 96
261, 101
257, 105
262, 116
244, 115
242, 135
241, 152
249, 165
259, 155
266, 158
246, 161
235, 141
255, 142
247, 148
251, 150
267, 135
274, 121
293, 121
282, 114
267, 105
261, 104
271, 109
290, 103
295, 123
301, 110
316, 125
334, 106
332, 104
341, 114
357, 95
346, 88
355, 93
369, 113
388, 118
386, 110
376, 104
366, 122
384, 135
387, 151
397, 143
386, 152
380, 132
362, 150
381, 165
382, 156
367, 160
368, 157
356, 176
348, 187
339, 202
351, 200
352, 203
353, 204
366, 201
374, 188
373, 169
380, 156
385, 175
396, 155
379, 164
368, 163
369, 152
356, 162
354, 175
355, 190
349, 197
360, 210
346, 227
348, 230
334, 215
353, 202
356, 199
350, 196
365, 209
355, 216
337, 225
349, 219
361, 213
357, 223
354, 235
339, 216
358, 209
351, 191
344, 206
346, 198
331, 179
321, 166
335, 163
316, 171
296, 163
288, 163
304, 145
309, 150
313, 136
303, 139
299, 123
315, 140
315, 121
325, 117
311, 123
291, 119
309, 102
289, 101
271, 99
253, 118
248, 113
265, 118
252, 116
232, 108
252, 92
247, 93
232, 90
245, 73
251, 90
246, 91
242, 109
251, 93
239, 81
250, 97
261, 97
243, 105
226, 107
237, 95
218, 100
199, 94
210, 97
199, 84
188, 96
176, 112
170, 119
169, 126
169, 127
162, 144
144, 161
139, 157
150, 177
144, 174
137, 157
134, 138
120, 157
129, 137
133, 122
121, 108
138, 113
133, 127
126, 137
128, 139
135, 144
150, 142
149, 138
165, 138
184, 118
179, 103
191, 113
196, 126
196, 126
182, 106
191, 114
176, 106
181, 115
166, 109
164, 117
150, 120
150, 140
159, 128
173, 137
167, 142
155, 148
142, 166
151, 163
155, 152
174, 135
180, 125
193, 140
204, 126
191, 112
207, 119
206, 99
205, 106
204, 90
215, 74
212, 82
226, 99
209, 112
218, 99
222, 117
213, 129
200, 109
210, 89
227, 78
213, 95
198, 97
209, 81
219, 100
199, 105
188, 118
204, 118
186, 138
181, 149
173, 145
179, 135
161, 123
171, 126
182, 142
168, 152
155, 167
159, 162
167, 151
154, 139
167, 148
176, 149
156, 129
151, 109
139, 123
141, 122
145, 129
160, 148
153, 162
139, 153
150, 138
152, 146
138, 148
127, 147
142, 145
155, 131
174, 146
193, 131
174, 148
190, 152
186, 141
171, 138
175, 155
183, 165
170, 171
190, 171
195, 167
180, 181
186, 171
170, 162
184, 176
165, 168
170, 153
185, 142
198, 139
215, 140
195, 131
187, 136
200, 144
189, 138
184, 139
202, 153
218, 154
207, 151
218, 163
224, 182
236, 174
219, 162
209, 169
214, 176
212, 159
197, 142
204, 148
193, 136
200, 121
182, 140
185, 121
166, 118
170, 113
178, 130
165, 141
168, 157
155, 164
161, 167
143, 170
149, 174
155, 180
162, 184
149, 169
165, 179
176, 159
185, 175
202, 179
189, 172
172, 172
173, 153
168, 164
158, 148
171, 153
160, 155
175, 163
167, 165
174, 150
187, 150
185, 170
180, 150
198, 132
214, 112
210, 130
200, 122
187, 129
196, 143
206, 136
192, 151
201, 160
198, 158
214, 150
200, 158
190, 155
175, 166
185, 149
166, 139
150, 123
156, 103
138, 112
124, 125
132, 127
130, 130
120, 128
100, 141
80, 151
68, 167
58, 176
63, 193
48, 201
59, 215
76, 224
79, 233
81, 240
95, 247
87, 264
93, 252
105, 260
88, 265
86, 271
76, 269
86, 260
76, 276
90, 272
78, 292
91, 275
95, 295
113, 288
109, 274
95, 259
109, 277
105, 274
86, 289
92, 299
94, 305
80, 302
99, 320
95, 306
96, 314
81, 298
80, 291
81, 286
96, 297
103, 279
97, 278
90, 297
91, 304
109, 303
111, 289
94, 275
90, 270
95, 268
78, 255
71, 252
80, 242
68, 245
74, 254
72, 267
74, 256
79, 244
72, 242
92, 258
74, 259
91, 270
107, 285
103, 276
92, 296
97, 289
83, 271
88, 252
89, 258
87, 251
78, 253
73, 267
76, 275
79, 295
94, 310
99, 328
89, 312
85, 306
94, 314
85, 295
91, 278
94, 281
93, 296
113, 300
126, 319
133, 302
152, 288
162, 290
147, 286
138, 286
157, 291
139, 290
130, 294
115, 309
134, 315
114, 324
120, 339
136, 343
135, 344
134, 329
138, 334
134, 343
146, 345
135, 343
133, 345
128, 327
109, 314
117, 310
117, 308
114, 314
120, 314
119, 324
115, 307
105, 316
110, 310
112, 295
132, 304
136, 322
153, 325
169, 312
172, 326
171, 327
158, 319
173, 339
173, 333
190, 352
179, 356
195, 343
193, 328
187, 310
179, 321
196, 326
191, 323
205, 315
216, 332
227, 343
209, 361
197, 370
183, 357
200, 346
209, 330
222, 345
241, 358
233, 377
232, 372
230, 361
213, 341
209, 327
227, 329
228, 335
221, 344
221, 337
240, 332
226, 348
216, 362
224, 371
217, 390
235, 382
229, 362
228, 369
242, 373
236, 360
231, 358
235, 372
218, 383
221, 391
229, 397
228, 377
209, 360
209, 367
220, 370
235, 371
251, 378
249, 373
232, 365
228, 361
237, 343
233, 361
219, 379
207, 392
204, 391
212, 396
199, 390
204, 377
205, 384
224, 370
228, 360
220, 359
226, 350
241, 336
225, 331
209, 345
190, 352
194, 347
194, 343
199, 360
180, 358
200, 367
182, 359
198, 366
210, 382
221, 386
212, 379
196, 384
198, 389
215, 384
219, 383
239, 369
241, 360
251, 371
236, 352
228, 352
208, 353
225, 356
226, 359
237, 368
226, 374
243, 359
249, 352
266, 370
247, 372
257, 364
257, 364
257, 354
246, 366
227, 359
245, 379
249, 377
236, 359
228, 378
241, 359
232, 359
212, 377
204, 369
218, 354
215, 370
198, 358
192, 349
200, 351
220, 341
232, 323
247, 324
249, 310
230, 316
218, 336
209, 331
201, 334
195, 341
200, 357
188, 366
187, 376
194, 387
200, 379
188, 366
202, 368
205, 388
219, 373
237, 389
256, 390
264, 407
282, 395
283, 379
282, 360
273, 343
273, 361
265, 356
262, 356
280, 362
284, 369
268, 366
272, 358
275, 344
270, 337
276, 323
294, 323
300, 312
302, 299
316, 282
310, 286
330, 275
349, 284
349, 299
335, 284
344, 269
326, 250
323, 265
310, 269
315, 262
330, 246
322, 236
337, 254
341, 242
344, 226
341, 226
338, 234
353, 235
355, 227
353, 209
345, 213
346, 226
351, 226
342, 235
345, 239
329, 227
317, 216
302, 217
321, 222
313, 226
330, 233
333, 248
325, 246
327, 238
331, 219
319, 204
328, 217
339, 229
345, 235
353, 223
346, 238
326, 251
323, 233
321, 230
316, 232
299, 215
309, 223
329, 210
347, 208
364, 224
358, 237
372, 217
377, 209
365, 218
374, 212
368, 226
378, 226
391, 209
392, 224
409, 218
407, 209
423, 214
408, 223
388, 239
386, 220
395, 220
405, 232
419, 233
413, 248
406, 264
394, 271
412, 257
426, 274
445, 275
435, 283
447, 293
434, 300
449, 291
466, 289
467, 302
458, 308
478, 299
495, 318
499, 326
512, 306
500, 310
509, 299
500, 295
504, 283
487, 279
492, 285
487, 292
485, 275
484, 255
496, 240
480, 249
483, 232
495, 237
510, 242
513, 231
493, 248
493, 231
511, 212
522, 208
510, 214
494, 212
503, 222
499, 240
509, 253
523, 235
523, 221
509, 220
516, 213
501, 223
501, 224
483, 232
483, 248
494, 266
488, 286
478, 277
461, 257
481, 253
468, 272
477, 260
482, 267
486, 266
469, 264
464, 254
462, 259
460, 264
479, 266
459, 265
477, 264
457, 254
449, 271
460, 271
455, 289
458, 303
454, 286
471, 271
488, 255
473, 249
454, 250
450, 258
450, 270
443, 284
437, 300
431, 314
437, 312
418, 313
427, 329
410, 310
404, 299
405, 317
403, 320
399, 319
396, 333
384, 334
392, 320
407, 336
409, 324
425, 318
414, 319
408, 334
416, 314
426, 306
439, 296
422, 295
423, 292
422, 290
428, 306
415, 320
414, 330
417, 336
416, 321
422, 338
425, 336
425, 316
441, 298
431, 290
439, 297
444, 312
430, 317
442, 305
445, 303
433, 307
453, 290
471, 277
488, 284
481, 284
500, 293
511, 297
513, 281
514, 267
526, 270
509, 252
514, 268
497, 269
508, 253
516, 241
500, 230
486, 212
478, 206
466, 211
484, 196
499, 186
501, 180
492, 190
484, 209
502, 222
488, 228
482, 243
467, 255
479, 254
466, 236
450, 246
457, 228
470, 248
462, 243
474, 254
478, 272
493, 274
499, 287
500, 283
485, 301
487, 294
474, 275
494, 269
498, 286
498, 292
506, 297
523, 282
524, 266
534, 273
534, 273
514, 292
511, 286
496, 289
512, 292
501, 286
502, 273
515, 265
535, 284
543, 265
546, 250
536, 230
552, 227
552, 225
545, 240
548, 237
568, 217
555, 225
571, 216
576, 229
570, 246
559, 254
562, 240
570, 236
560, 230
544, 248
542, 257
555, 238
546, 226
553, 234
539, 237
538, 253
526, 237
506, 250
518, 250
538, 258
534, 267
543, 269
557, 288
542, 302
558, 290
568, 274
563, 268
546, 272
541, 290
537, 272
523, 289
523, 308
526, 323
522, 320
524, 319
523, 332
527, 315
531, 328
513, 317
508, 298
506, 310
503, 309
518, 294
517, 282
520, 274
526, 277
533, 286
548, 266
555, 260
568, 243
571, 251
567, 249
553, 265
555, 255
562, 265
578, 283
572, 264
589, 270
599, 251
587, 253
599, 246
590, 235
599, 220
599, 238
586, 238
597, 218
599, 234
599, 229
580, 244
582, 238
567, 224
556, 240
562, 230
578, 238
571, 257
583, 250
563, 267
567, 268
559, 264
546, 280
565, 279
553, 259
533, 262
520, 273
503, 285
494, 273
505, 282
510, 298
495, 311
487, 316
474, 306
492, 322
508, 329
502, 342
487, 326
490, 343
506, 343
515, 339
513, 326
532, 323
531, 329
511, 323
506, 339
513, 330
510, 316
501, 312
504, 307
489, 304
497, 291
502, 286
490, 270
492, 276
499, 292
510, 291
507, 303
506, 308
491, 317
483, 309
473, 298
453, 316
434, 296
437, 311
440, 298
435, 300
417, 312
400, 311
403, 314
397, 317
393, 324
403, 326
397, 325
383, 334
402, 319
406, 317
414, 332
421, 318
410, 321
410, 341
424, 323
410, 336
411, 317
396, 317
406, 332
407, 337
423, 317
424, 315
432, 306
450, 289
446, 307
442, 309
458, 290
446, 297
455, 306
444, 324
450, 308
456, 303
442, 288
433, 296
431, 287
448, 291
432, 276
417, 282
409, 291
411, 292
400, 309
395, 301
395, 288
410, 308
410, 291
409, 271
422, 254
442, 264
426, 269
427, 282
435, 294
454, 276
445, 277
461, 275
477, 263
487, 252
499, 263
517, 274
512, 266
499, 260
485, 263
487, 251
502, 263
514, 250
520, 261
540, 243
526, 229
543, 223
537, 235
555, 217
545, 226
546, 210
565, 230
563, 248
551, 234
554, 221
566, 207
579, 193
567, 180
551, 181
532, 167
526, 163
527, 151
515, 136
497, 142
482, 162
475, 179
461, 170
449, 163
457, 164
456, 149
456, 164
470, 170
474, 172
466, 153
483, 138
482, 137
485, 129
486, 140
486, 139
480, 119
497, 123
484, 128
465, 120
481, 100
489, 94
479, 75
460, 92
453, 103
464, 101
461, 91
476, 94
480, 112
465, 131
454, 127
462, 145
467, 149
449, 158
442, 158
445, 148
430, 157
410, 150
406, 156
406, 147
393, 141
378, 155
366, 167
375, 154
374, 141
385, 158
388, 150
379, 133
365, 120
369, 140
350, 143
351, 159
358, 139
377, 154
371, 169
375, 160
389, 159
384, 145
389, 137
400, 118
381, 121
392, 136
408, 117
422, 122
423, 120
409, 135
404, 140
408, 152
398, 138
411, 122
425, 110
438, 111
427, 110
414, 108
406, 104
426, 95
446, 101
436, 118
440, 117
435, 114
429, 134
413, 131
427, 115
425, 116
428, 126
419, 138
400, 119
380, 128
388, 131
374, 128
375, 134
378, 122
365, 123
362, 142
378, 155
359, 165
379, 162
369, 164
379, 179
368, 197
358, 215
378, 218
396, 198
413, 191
405, 177
408, 170
419, 168
402, 162
404, 154
423, 160
403, 177
415, 180
426, 180
414, 198
431, 216
411, 209
411, 216
427, 223
418, 237
398, 247
385, 230
365, 246
354, 246
344, 236
347, 223
347, 241
363, 259
368, 270
367, 270
371, 283
376, 303
369, 323
358, 338
352, 335
339, 350
354, 344
350, 330
356, 320
336, 328
342, 346
358, 332
354, 336
347, 320
357, 320
346, 340
363, 339
382, 334
380, 320
399, 324
392, 307
375, 302
355, 296
356, 284
366, 298
380, 301
397, 311
417, 295
414, 300
433, 281
449, 261
451, 252
449, 252
454, 272
443, 279
460, 266
464, 283
470, 295
481, 290
474, 276
475, 285
456, 267
464, 254
445, 238
427, 223
434, 203
439, 192
435, 177
447, 166
453, 185
450, 194
446, 203
461, 205
460, 223
478, 238
464, 252
451, 255
437, 263
436, 260
452, 276
464, 296
444, 310
452, 307
449, 313
459, 311
455, 325
457, 334
456, 317
437, 336
439, 356
425, 342
424, 326
444, 322
438, 328
427, 308
415, 298
405, 316
399, 333
395, 325
414, 309
408, 305
426, 294
410, 297
394, 283
397, 274
387, 268
373, 259
390, 247
380, 260
388, 264
395, 246
389, 247
394, 228
401, 241
383, 249
364, 268
349, 255
334, 275
345, 260
335, 277
355, 281
370, 287
382, 292
384, 284
364, 283
361, 282
350, 280
349, 288
334, 296
338, 301
320, 292
307, 311
318, 307
323, 289
336, 278
349, 262
344, 243
357, 229
354, 234
343, 247
325, 230
314, 241
301, 252
290, 267
287, 278
281, 284
288, 282
282, 275
263, 262
276, 281
293, 285
292, 291
292, 305
302, 303
282, 294
271, 300
265, 292
251, 296
245, 277
262, 280
271, 280
265, 261
267, 261
264, 251
269, 261
272, 265
270, 283
264, 268
271, 269
252, 277
259, 261
277, 281
277, 295
263, 298
250, 293
234, 290
235, 299
234, 309
240, 311
241, 305
258, 285
255, 289
271, 275
256, 278
261, 270
243, 289
242, 279
249, 291
266, 296
273, 297
276, 294
272, 276
269, 272
268, 259
275, 269
256, 266
254, 254
258, 265
258, 263
245, 256
244, 268
238, 272
236, 288
244, 276
231, 262
240, 281
246, 264
243, 263
261, 258
271, 266
281, 277
281, 287
264, 305
265, 316
260, 335
243, 348
233, 356
250, 336
270, 349
256, 361
261, 358
252, 359
261, 362
255, 372
274, 381
255, 399
235, 381
244, 376
264, 369
244, 365
227, 345
241, 358
252, 359
247, 366
267, 354
266, 361
283, 366
269, 356
254, 342
264, 351
263, 352
275, 344
285, 331
293, 318
277, 320
263, 328
279, 333
282, 335
282, 350
275, 369
282, 362
266, 352
250, 337
265, 353
258, 342
242, 361
251, 345
242, 361
236, 356
251, 338
250, 352
248, 365
240, 364
246, 370
226, 366
237, 366
242, 379
257, 383
242, 367
227, 383
225, 384
226, 381
238, 367
246, 358
255, 370
259, 362
243, 374
244, 369
241, 349
239, 362
221, 360
237, 353
246, 367
263, 372
267, 364
280, 371
268, 351
271, 336
259, 351
277, 332
276, 337
263, 337
244, 341
256, 361
259, 374
275, 370
255, 361
236, 370
250, 373
231, 362
244, 343
247, 351
265, 352
262, 344
245, 350
254, 346
246, 330
237, 322
250, 303
246, 295
261, 289
255, 269
250, 263
252, 245
249, 245
231, 236
217, 241
221, 240
205, 239
220, 249
209, 269
219, 274
216, 265
225, 250
225, 264
210, 255
226, 261
214, 251
218, 267
226, 257
218, 268
236, 282
236, 295
239, 311
250, 310
251, 321
244, 309
264, 319
256, 303
253, 309
252, 305
242, 321
245, 309
240, 322
220, 305
216, 323
198, 326
212, 324
220, 313
231, 329
218, 335
208, 320
213, 320
222, 333
218, 329
211, 332
208, 324
220, 314
206, 311
217, 331
211, 344
215, 329
215, 337
213, 346
218, 357
223, 356
229, 369
220, 371
223, 368
240, 361
249, 365
253, 364
238, 372
228, 368
230, 368
225, 365
238, 369
226, 379
244, 391
226, 391
242, 372
231, 358
228, 350
248, 358
229, 353
238, 345
241, 338
257, 326
247, 317
267, 297
250, 292
247, 278
236, 293
238, 295
239, 283
246, 299
258, 316
250, 310
237, 316
232, 332
252, 312
264, 304
274, 287
291, 283
296, 294
310, 274
323, 276
332, 273
332, 281
334, 280
338, 271
342, 253
333, 264
339, 263
342, 277
345, 271
344, 268
338, 280
335, 264
350, 260
357, 253
348, 268
352, 286
340, 287
344, 298
353, 294
361, 310
380, 323
398, 324
401, 332
414, 330
397, 328
415, 322
430, 307
417, 312
420, 294
427, 290
428, 310
411, 303
394, 321
378, 334
390, 336
379, 324
375, 330
360, 328
354, 313
362, 312
350, 296
360, 287
348, 277
337, 269
317, 270
310, 262
324, 278
317, 287
322, 299
309, 302
329, 318
330, 338
339, 340
356, 337
352, 330
357, 326
338, 312
358, 303
344, 296
362, 278
348, 297
355, 287
373, 267
358, 257
348, 246
342, 237
326, 220
329, 217
311, 212
305, 230
323, 227
334, 225
325, 221
326, 205
322, 221
339, 215
356, 232
375, 237
379, 253
362, 233
361, 234
346, 220
359, 234
369, 250
353, 259
335, 258
355, 275
375, 293
383, 289
369, 277
366, 289
360, 276
366, 258
358, 271
364, 287
370, 269
366, 257
366, 263
370, 279
368, 286
383, 292
368, 300
354, 296
371, 312
356, 329
369, 310
389, 309
404, 300
420, 312
439, 305
427, 292
413, 296
396, 289
385, 294
392, 289
390, 309
391, 314
379, 295
385, 290
402, 282
415, 291
402, 301
394, 295
384, 293
373, 284
391, 277
400, 280
404, 272
384, 259
368, 239
387, 247
381, 265
373, 261
357, 278
377, 283
362, 286
354, 292
348, 288
358, 301
359, 296
368, 312
372, 313
385, 318
401, 333
401, 335
412, 325
422, 308
407, 292
416, 289
417, 306
436, 294
428, 291
434, 294
422, 309
437, 315
441, 299
441, 312
439, 309
425, 318
443, 316
428, 331
439, 335
421, 325
403, 309
393, 315
407, 307
392, 288
372, 275
384, 265
373, 263
386, 279
394, 279
377, 269
382, 278
363, 295
373, 299
359, 301
368, 302
386, 293
397, 308
399, 300
418, 317
413, 334
395, 322
386, 337
377, 344
362, 346
379, 338
382, 324
368, 305
362, 297
362, 292
377, 274
357, 288
350, 291
362, 284
376, 273
381, 284
393, 265
383, 259
394, 252
383, 253
378, 238
398, 256
391, 259
388, 268
386, 261
384, 261
392, 244
382, 249
396, 237
409, 228
392, 217
374, 221
384, 232
373, 233
373, 252
375, 261
366, 266
348, 271
352, 266
341, 255
346, 263
360, 246
355, 240
361, 232
359, 213
348, 212
334, 230
347, 220
349, 238
364, 218
369, 208
371, 196
388, 185
380, 196
361, 215
345, 217
332, 199
313, 201
306, 210
296, 222
315, 218
298, 223
280, 210
279, 218
291, 222
275, 214
284, 199
286, 219
279, 201
290, 219
310, 206
292, 211
281, 219
272, 222
270, 210
260, 206
276, 210
275, 209
291, 229
302, 219
302, 221
301, 223
312, 216
295, 227
302, 225
294, 219
276, 210
267, 190
285, 205
268, 204
288, 210
277, 229
273, 234
292, 226
273, 230
254, 238
270, 246
279, 260
289, 267
271, 261
267, 261
287, 263
297, 261
311, 266
300, 263
282, 271
271, 268
277, 261
259, 261
259, 275
279, 282
269, 285
286, 291
282, 285
274, 269
288, 289
278, 298
290, 283
286, 281
298, 276
317, 277
328, 285
343, 288
347, 306
358, 291
363, 310
381, 299
372, 313
372, 328
387, 326
375, 337
365, 319
348, 316
349, 303
351, 287
356, 279
367, 283
353, 269
371, 252
372, 236
378, 225
361, 222
377, 228
390, 223
379, 237
372, 229
363, 233
352, 232
353, 233
356, 239
375, 254
368, 248
377, 259
388, 272
385, 269
371, 250
378, 230
386, 244
405, 243
412, 246
416, 227
417, 212
413, 209
400, 194
399, 197
403, 195
403, 177
387, 193
388, 208
405, 212
410, 210
407, 204
408, 202
428, 187
412, 185
410, 168
418, 165
420, 165
439, 171
445, 159
454, 160
455, 142
442, 125
439, 106
447, 126
427, 107
414, 99
430, 83
425, 63
428, 62
423, 64
424, 79
417, 81
433, 98
448, 115
451, 127
437, 138
452, 156
436, 146
447, 129
445, 130
439, 144
427, 134
417, 152
402, 147
415, 131
421, 136
431, 135
413, 145
424, 138
417, 122
422, 138
409, 143
406, 132
426, 126
436, 106
428, 105
436, 114
423, 107
439, 111
435, 130
442, 147
462, 140
476, 132
487, 126
472, 113
452, 101
461, 115
457, 114
449, 110
458, 119
468, 137
461, 144
442, 124
430, 117
443, 125
435, 132
445, 126
464, 139
481, 146
466, 130
481, 114
482, 97
497, 117
508, 122
521, 112
523, 93
529, 110
523, 93
513, 92
508, 93
504, 89
493, 95
474, 113
462, 95
453, 97
449, 113
433, 128
447, 132
434, 149
443, 145
454, 139
438, 158
428, 153
430, 139
413, 137
397, 130
380, 130
392, 126
372, 121
366, 115
363, 113
364, 113
361, 117
343, 119
329, 128
332, 127
322, 142
337, 126
351, 127
334, 125
328, 140
332, 157
330, 163
349, 155
363, 149
358, 138
346, 118
343, 106
346, 124
332, 133
324, 139
309, 141
309, 131
320, 117
329, 136
326, 120
326, 115
345, 98
347, 104
367, 97
360, 99
350, 107
349, 109
340, 106
355, 117
338, 110
336, 99
337, 96
354, 94
367, 101
375, 120
371, 125
371, 111
376, 108
379, 106
387, 126
387, 118
404, 133
408, 150
416, 145
410, 155
398, 175
404, 190
417, 203
412, 206
393, 210
379, 216
382, 207
363, 191
365, 174
367, 155
387, 151
389, 171
374, 165
364, 170
366, 152
347, 162
332, 163
349, 165
352, 173
348, 187
363, 195
350, 214
337, 214
336, 216
347, 232
345, 224
331, 224
314, 204
318, 188
338, 206
346, 189
343, 196
363, 190
378, 208
359, 221
364, 224
368, 222
351, 240
341, 233
326, 248
340, 250
343, 246
338, 231
356, 215
365, 215
361, 216
344, 217
351, 233
338, 214
354, 211
372, 216
355, 204
359, 186
374, 175
384, 181
370, 172
358, 162
361, 158
351, 139
371, 155
374, 139
365, 159
355, 158
368, 165
356, 172
363, 175
352, 176
370, 196
378, 198
388, 182
373, 188
359, 194
356, 197
366, 211
367, 208
384, 217
384, 234
380, 251
366, 264
363, 268
370, 265
376, 281
373, 299
360, 298
379, 302
384, 309
383, 302
377, 294
393, 289
385, 278
399, 292
397, 292
393, 299
397, 283
407, 287
400, 298
396, 307
412, 298
424, 313
408, 333
394, 335
393, 318
406, 299
414, 301
415, 319
424, 322
423, 322
426, 328
410, 317
405, 297
389, 290
388, 297
389, 314
388, 327
401, 313
418, 327
418, 308
419, 325
411, 321
396, 331
387, 337
402, 345
404, 343
387, 329
396, 337
410, 329
397, 337
386, 335
388, 328
402, 335
405, 321
407, 313
408, 314
407, 314
400, 296
420, 315
405, 333
399, 339
395, 324
402, 306
414, 323
414, 321
405, 340
403, 334
408, 330
413, 327
395, 317
393, 305
412, 309
418, 293
399, 297
397, 289
411, 292
409, 306
396, 315
387, 318
406, 334
402, 329
408, 323
404, 341
417, 341
414, 337
408, 355
407, 361
394, 369
396, 352
416, 363
398, 382
384, 395
365, 386
356, 399
348, 415
356, 409
365, 415
372, 400
356, 404
342, 396
345, 399
348, 395
352, 387
372, 406
383, 403
370, 423
385, 407
381, 425
398, 433
418, 432
403, 445
397, 446
387, 438
368, 443
351, 435
346, 425
341, 423
337, 407
351, 394
365, 411
352, 401
369, 402
361, 396
354, 391
348, 383
342, 397
339, 406
353, 421
363, 434
353, 443
353, 448
344, 449
359, 430
370, 424
360, 411
347, 417
348, 401
343, 407
342, 415
354, 434
370, 439
375, 449
392, 435
392, 425
374, 427
373, 415
369, 427
377, 413
385, 394
404, 412
422, 392
418, 403
414, 391
417, 405
422, 413
413, 423
399, 430
416, 419
425, 402
440, 391
439, 387
446, 387
460, 367
475, 369
468, 372
481, 389
478, 377
489, 380
484, 377
501, 359
499, 360
515, 355
535, 350
554, 343
540, 342
553, 355
549, 371
554, 356
561, 369
547, 379
565, 359
549, 357
540, 346
553, 338
565, 332
584, 343
590, 348
573, 358
592, 363
577, 383
589, 366
599, 359
599, 367
599, 358
599, 365
599, 380
581, 396
567, 402
559, 409
567, 423
573, 416
590, 404
598, 388
599, 388
599, 388
594, 400
599, 389
583, 395
591, 391
584, 373
567, 390
571, 378
567, 363
561, 353
560, 339
579, 331
577, 330
591, 320
581, 310
595, 310
599, 305
583, 317
564, 313
550, 330
541, 327
526, 321
539, 319
537, 312
545, 317
562, 301
547, 308
567, 317
552, 337
548, 343
540, 327
541, 332
525, 318
545, 319
531, 314
546, 321
551, 315
531, 323
534, 336
528, 333
535, 352
553, 356
561, 375
573, 384
591, 378
599, 364
599, 372
592, 378
573, 363
564, 353
584, 347
599, 353
598, 360
592, 344
598, 350
599, 358
599, 342
588, 324
599, 327
599, 335
599, 316
599, 305
597, 322
584, 308
599, 302
599, 299
599, 281
599, 297
590, 309
576, 316
592, 329
574, 348
569, 351
587, 336
599, 346
599, 333
599, 316
588, 322
586, 335
568, 317
586, 311
599, 298
599, 278
599, 295
599, 279
599, 264
599, 254
588, 274
599, 288
599, 306
599, 293
591, 309
599, 319
584, 311
571, 294
569, 293
586, 299
581, 295
582, 291
586, 304
599, 294
585, 299
566, 303
548, 294
539, 277
540, 276
549, 279
566, 261
561, 261
543, 261
552, 270
534, 276
518, 279
521, 268
529, 286
518, 279
509, 262
517, 259
508, 257
528, 252
515, 263
504, 268
507, 256
511, 250
512, 239
499, 243
484, 231
490, 216
494, 225
499, 229
485, 214
490, 225
506, 225
520, 219
524, 204
537, 215
553, 219
558, 202
569, 220
577, 206
558, 213
560, 213
548, 194
546, 204
565, 217
552, 228
543, 223
563, 232
579, 229
583, 214
599, 215
599, 203
599, 219
599, 231
586, 237
578, 247
578, 254
576, 267
559, 268
575, 283
593, 279
592, 269
577, 271
580, 284
586, 279
575, 267
595, 274
598, 280
592, 285
579, 266
572, 257
558, 250
561, 247
548, 251
547, 253
560, 235
573, 230
563, 245
566, 259
586, 244
584, 226
594, 232
587, 220
599, 214
587, 226
591, 228
595, 224
586, 206
592, 204
599, 202
599, 182
580, 187
572, 189
590, 199
594, 203
579, 201
581, 213
591, 212
599, 221
599, 238
599, 255
599, 236
592, 224
579, 235
567, 246
554, 258
550, 275
551, 280
571, 261
576, 280
596, 272
599, 274
589, 262
599, 280
599, 273
599, 266
599, 267
594, 267
599, 267
585, 282
599, 296
599, 315
599, 319
599, 315
599, 295
599, 293
599, 285
599, 293
599, 284
599, 265
593, 245
578, 243
587, 235
571, 229
578, 210
595, 222
599, 227
599, 229
584, 240
583, 259
599, 257
599, 266
581, 270
595, 250
576, 230
587, 247
593, 252
599, 269
585, 249
569, 267
571, 282
562, 275
565, 266
579, 276
562, 291
573, 295
558, 287
573, 275
557, 287
569, 291
565, 272
556, 271
561, 272
563, 284
554, 272
558, 288
564, 288
546, 287
542, 287
556, 298
575, 286
574, 281
573, 283
585, 294
572, 300
559, 310
550, 297
539, 293
528, 296
514, 316
530, 321
526, 305
509, 290
508, 279
502, 268
493, 267
505, 284
502, 288
510, 305
522, 304
533, 286
521, 271
506, 278
521, 271
531, 275
533, 264
544, 261
524, 271
528, 272
525, 285
525, 291
530, 276
536, 273
531, 278
547, 272
563, 286
576, 270
574, 271
571, 291
574, 272
558, 282
560, 292
545, 283
556, 265
576, 262
575, 282
591, 274
598, 292
596, 301
592, 297
583, 294
573, 282
558, 262
561, 269
544, 277
552, 281
565, 296
573, 303
590, 319
596, 323
599, 307
591, 307
589, 295
587, 291
599, 301
594, 288
578, 281
577, 297
570, 294
560, 279
570, 271
581, 281
575, 266
581, 253
589, 270
599, 271
599, 262
590, 258
585, 253
585, 257
592, 263
593, 257
599, 244
587, 228
599, 218
599, 205
591, 201
591, 219
596, 215
599, 221
599, 217
599, 232
599, 225
599, 225
599, 238
599, 252
599, 256
599, 264
599, 267
599, 278
589, 275
584, 257
590, 272
573, 291
586, 304
583, 292
581, 311
568, 314
574, 298
555, 293
557, 312
566, 305
575, 301
570, 321
554, 310
550, 299
554, 291
562, 277
563, 288
576, 282
566, 294
565, 289
583, 297
573, 306
586, 296
588, 302
599, 291
587, 291
584, 271
599, 278
599, 280
598, 288
599, 292
592, 303
589, 321
593, 302
580, 320
571, 316
577, 331
581, 344
578, 349
586, 343
596, 335
599, 352
599, 366
599, 368
599, 364
599, 354
599, 348
594, 333
599, 331
588, 344
599, 331
599, 311
593, 296
599, 302
580, 289
584, 307
567, 317
581, 301
575, 306
571, 294
575, 280
582, 275
569, 283
574, 276
564, 267
560, 257
572, 274
580, 293
596, 313
594, 295
579, 292
579, 286
580, 285
564, 268
576, 278
587, 284
585, 281
584, 273
599, 282
582, 278
597, 264
599, 266
599, 272
595, 272
575, 285
565, 305
566, 288
547, 280
562, 274
553, 275
566, 295
547, 308
531, 306
526, 296
542, 286
542, 276
551, 270
560, 263
565, 256
545, 246
547, 235
561, 239
571, 225
580, 240
575, 241
582, 233
587, 240
576, 230
573, 220
572, 201
569, 214
571, 200
553, 211
552, 225
559, 245
549, 256
537, 275
555, 270
555, 285
539, 294
542, 289
527, 271
512, 274
522, 268
521, 258
517, 271
507, 258
516, 248
522, 266
538, 284
549, 301
557, 320
563, 316
545, 320
547, 301
557, 309
573, 325
577, 312
584, 306
586, 288
577, 299
594, 293
599, 305
599, 315
599, 297
596, 296
592, 309
592, 305
599, 312
599, 310
599, 305
593, 291
599, 271
599, 267
594, 280
599, 287
593, 306
578, 316
590, 311
577, 309
577, 297
590, 296
599, 296
589, 285
581, 303
585, 305
583, 324
563, 304
583, 319
569, 323
578, 304
594, 311
596, 305
586, 318
589, 333
597, 335
587, 339
579, 330
569, 311
553, 294
565, 275
565, 280
570, 299
585, 298
569, 302
580, 305
569, 295
581, 278
574, 282
569, 280
587, 274
570, 285
575, 270
568, 271
556, 283
576, 277
577, 286
574, 279
559, 269
557, 277
547, 276
548, 273
533, 282
526, 271
530, 276
541, 266
557, 280
577, 300
594, 295
583, 303
572, 307
563, 318
551, 320
536, 332
529, 338
532, 339
550, 342
559, 355
577, 353
586, 366
586, 374
576, 361
579, 357
574, 362
575, 370
587, 357
581, 348
576, 360
561, 378
553, 374
573, 394
583, 374
564, 372
555, 363
559, 371
569, 366
584, 354
581, 335
597, 339
599, 354
599, 357
599, 364
583, 361
579, 357
581, 355
593, 353
596, 339
578, 350
563, 366
547, 368
539, 373
549, 391
548, 387
562, 371
578, 380
591, 379
599, 366
589, 361
587, 356
594, 361
599, 379
579, 369
595, 365
599, 348
592, 343
599, 347
599, 356
599, 337
594, 348
574, 351
560, 341
548, 345
529, 331
539, 343
541, 361
556, 346
570, 329
565, 325
577, 334
588, 321
599, 332
586, 319
599, 319
599, 322
599, 340
586, 343
567, 326
556, 343
541, 353
550, 336
537, 353
556, 358
538, 340
544, 347
533, 351
534, 353
539, 340
542, 341
552, 334
558, 334
552, 329
554, 319
537, 325
557, 341
559, 345
546, 359
558, 362
574, 360
574, 349
588, 337
599, 341
599, 331
594, 320
599, 327
599, 324
599, 327
596, 315
599, 318
587, 298
577, 307
570, 308
554, 308
563, 298
582, 290
593, 292
599, 295
599, 279
599, 284
598, 279
599, 286
579, 295
562, 288
546, 303
540, 292
551, 285
543, 279
549, 292
541, 288
547, 291
565, 289
556, 294
547, 290
548, 301
562, 299
567, 299
577, 282
561, 268
571, 278
557, 270
576, 260
564, 258
559, 264
541, 271
543, 273
551, 254
561, 261
574, 267
594, 253
575, 248
560, 241
560, 259
566, 252
546, 253
563, 256
553, 240
559, 231
554, 244
562, 258
543, 250
528, 267
509, 264
494, 262
482, 246
472, 261
483, 273
471, 264
452, 280
454, 265
434, 277
436, 289
452, 303
464, 286
476, 305
463, 322
447, 302
457, 306
465, 290
472, 278
459, 263
471, 268
471, 253
455, 272
443, 284
456, 266
453, 268
435, 273
436, 288
456, 276
457, 276
466, 282
448, 287
456, 287
439, 305
438, 305
430, 316
410, 315
402, 302
403, 295
412, 306
393, 286
408, 286
418, 298
402, 313
416, 298
400, 295
398, 291
410, 274
417, 255
433, 255
427, 240
417, 246
410, 250
425, 243
412, 240
419, 221
421, 231
418, 241
398, 229
385, 244
377, 227
385, 229
372, 233
371, 252
383, 243
386, 224
393, 209
406, 222
399, 207
399, 193
419, 209
431, 219
441, 217
422, 217
423, 197
439, 180
452, 190
434, 179
414, 168
415, 163
417, 157
405, 166
418, 155
431, 168
422, 157
435, 157
441, 158
452, 153
450, 166
441, 186
442, 169
424, 165
421, 154
436, 168
419, 187
431, 184
447, 178
454, 184
467, 169
469, 156
449, 136
458, 137
449, 117
438, 131
450, 121
465, 126
470, 134
486, 120
477, 137
493, 145
491, 154
507, 165
518, 156
502, 172
492, 190
480, 171
490, 171
508, 191
527, 181
507, 191
492, 199
481, 183
466, 183
483, 171
485, 174
484, 188
472, 187
470, 198
455, 189
474, 175
467, 165
481, 175
500, 170
487, 183
493, 197
493, 184
510, 199
498, 195
514, 201
531, 193
522, 204
542, 186
525, 200
511, 186
530, 191
511, 204
498, 213
487, 213
487, 206
498, 206
487, 216
490, 203
475, 220
468, 233
484, 251
476, 268
485, 263
500, 273
480, 253
493, 255
478, 273
460, 278
477, 269
484, 272
482, 267
488, 250
479, 261
469, 250
484, 256
481, 236
499, 236
490, 216
498, 203
503, 202
510, 196
513, 192
501, 177
509, 185
512, 169
513, 149
515, 152
511, 140
504, 129
497, 113
507, 102
521, 103
519, 104
502, 100
498, 109
516, 111
508, 97
511, 102
494, 103
509, 105
525, 116
544, 98
543, 79
528, 64
532, 79
512, 89
493, 73
480, 74
486, 71
482, 81
502, 77
489, 65
494, 46
500, 40
516, 20
530, 30
538, 47
532, 64
517, 49
518, 50
513, 48
508, 49
519, 61
513, 51
510, 44
529, 43
523, 61
524, 73
505, 86
506, 84
493, 79
513, 66
508, 56
504, 58
508, 72
504, 61
501, 42
490, 57
481, 74
473, 84
477, 97
467, 115
447, 132
437, 143
421, 133
420, 144
411, 141
394, 154
387, 163
397, 144
402, 126
408, 117
388, 104
375, 117
368, 132
360, 150
365, 140
345, 137
353, 150
334, 169
349, 156
357, 158
342, 176
349, 193
362, 199
363, 218
368, 222
366, 222
371, 210
386, 214
399, 230
400, 215
391, 214
375, 227
391, 224
386, 215
381, 203
387, 200
400, 197
384, 197
366, 182
346, 186
327, 173
339, 185
342, 203
353, 221
359, 209
340, 198
330, 190
340, 181
353, 197
351, 199
333, 211
341, 214
360, 200
367, 206
362, 200
382, 192
365, 187
377, 193
388, 190
379, 184
360, 179
378, 165
379, 183
370, 196
377, 194
382, 177
382, 190
369, 192
389, 180
388, 191
368, 179
386, 197
373, 196
388, 179
371, 163
352, 174
362, 160
368, 165
372, 176
356, 165
357, 184
359, 176
365, 169
371, 188
360, 174
370, 168
369, 183
381, 169
371, 162
369, 150
349, 164
353, 150
352, 152
338, 140
328, 155
328, 170
321, 151
327, 138
333, 118
352, 101
370, 120
386, 131
384, 115
404, 108
414, 97
411, 117
403, 113
383, 116
384, 112
389, 118
387, 121
377, 101
387, 120
395, 132
393, 117
407, 102
417, 112
434, 112
426, 99
406, 119
415, 99
414, 100
408, 99
398, 96
385, 86
384, 88
364, 99
369, 101
360, 119
378, 100
396, 105
398, 112
411, 127
410, 122
416, 136
420, 129
412, 140
402, 152
393, 154
398, 167
395, 155
394, 156
379, 151
374, 162
366, 162
374, 172
372, 184
382, 202
398, 185
410, 177
390, 180
386, 182
367, 184
368, 199
351, 179
353, 196
336, 179
338, 185
358, 200
376, 198
389, 187
387, 193
385, 189
376, 189
387, 199
380, 200
381, 196
377, 215
367, 212
379, 211
384, 212
382, 196
377, 177
380, 177
373, 168
369, 173
366, 189
381, 178
380, 162
397, 146
417, 145
434, 142
428, 124
447, 131
437, 117
457, 137
443, 142
426, 148
434, 154
435, 146
435, 157
423, 140
430, 143
447, 144
438, 145
449, 153
439, 144
425, 125
416, 126
414, 126
426, 117
438, 113
450, 106
444, 113
457, 132
470, 151
479, 151
471, 164
483, 164
478, 147
470, 159
471, 158
458, 162
452, 150
448, 151
466, 145
470, 164
473, 166
477, 167
473, 157
470, 157
464, 137
451, 125
443, 144
452, 161
457, 180
470, 173
478, 192
476, 209
486, 215
466, 235
468, 243
470, 250
461, 246
441, 258
441, 257
455, 252
470, 244
467, 233
485, 227
483, 209
494, 219
505, 211
492, 223
492, 220
478, 201
468, 182
469, 186
482, 192
499, 210
488, 214
500, 204
481, 189
483, 185
491, 187
501, 180
521, 184
540, 182
520, 167
540, 169
536, 172
521, 162
514, 160
520, 159
518, 153
527, 151
537, 131
528, 135
515, 121
513, 119
503, 128
518, 119
533, 114
521, 94
530, 77
513, 68
507, 56
487, 75
472, 93
481, 80
485, 78
497, 73
477, 86
482, 106
487, 92
500, 100
489, 103
470, 110
484, 117
482, 102
466, 106
472, 122
463, 139
446, 146
456, 158
439, 150
452, 165
444, 160
445, 160
430, 157
440, 161
445, 146
453, 126
455, 129
465, 122
484, 131
472, 138
480, 120
480, 110
476, 118
461, 99
464, 118
453, 131
455, 116
467, 127
453, 107
454, 106
458, 93
438, 112
439, 108
430, 123
426, 113
432, 131
452, 113
434, 129
429, 148
448, 149
436, 157
416, 167
407, 176
421, 179
416, 197
403, 190
409, 174
390, 184
376, 179
380, 160
392, 172
410, 184
426, 192
417, 179
430, 159
432, 143
414, 144
432, 163
444, 152
439, 166
431, 180
417, 163
431, 144
443, 126
445, 111
459, 92
456, 112
460, 121
456, 114
460, 132
472, 117
467, 104
471, 111
462, 104
442, 104
445, 111
425, 125
443, 105
458, 114
467, 115
473, 108
455, 119
447, 129
457, 141
471, 126
477, 122
496, 105
490, 114
485, 133
489, 123
496, 134
515, 142
495, 150
477, 137
481, 133
491, 133
476, 116
472, 122
454, 112
452, 110
458, 94
463, 90
481, 72
474, 86
474, 104
454, 110
459, 128
448, 124
468, 140
466, 130
448, 147
436, 134
439, 152
457, 132
440, 125
423, 129
421, 146
414, 138
421, 157
422, 137
402, 148
405, 166
409, 149
413, 164
423, 168
407, 185
409, 199
429, 194
427, 211
445, 202
434, 204
431, 205
445, 195
450, 185
439, 184
439, 166
440, 179
427, 161
423, 147
424, 142
421, 150
426, 154
444, 134
437, 127
433, 135
440, 130
434, 149
450, 146
430, 164
437, 149
454, 168
472, 181
477, 164
467, 178
448, 164
444, 162
446, 165
463, 184
457, 171
471, 162
479, 176
496, 157
514, 154
515, 134
500, 132
505, 115
490, 118
484, 109
486, 99
493, 119
480, 114
487, 104
475, 95
489, 84
498, 75
506, 74
508, 85
494, 71
504, 54
523, 71
503, 71
510, 63
520, 53
502, 38
522, 22
522, 30
516, 40
511, 42
515, 33
508, 44
497, 43
513, 32
528, 50
534, 42
531, 38
524, 43
528, 24
515, 38
520, 30
507, 27
507, 33
514, 42
501, 40
494, 53
499, 71
495, 74
513, 88
527, 76
523, 69
514, 65
530, 67
545, 79
541, 59
549, 53
560, 45
570, 40
553, 27
543, 28
550, 41
548, 31
561, 49
575, 56
556, 44
537, 60
542, 72
523, 56
536, 74
535, 69
520, 74
522, 89
537, 81
527, 73
528, 77
522, 80
537, 86
528, 104
526, 111
520, 99
512, 80
523, 81
518, 79
503, 96
520, 102
505, 96
506, 78
489, 77
486, 76
467, 87
459, 96
475, 108
481, 101
470, 119
454, 105
437, 95
431, 89
443, 78
451, 98
456, 107
445, 115
455, 95
467, 114
447, 127
463, 107
470, 102
467, 85
462, 95
448, 98
450, 103
468, 83
458, 90
477, 89
469, 105
478, 95
492, 98
510, 98
523, 88
523, 102
521, 99
533, 96
536, 90
516, 82
512, 83
497, 78
509, 67
517, 50
531, 60
524, 51
532, 43
546, 31
565, 16
565, 35
568, 39
569, 37
585, 41
566, 21
547, 4
536, 7
537, 26
539, 42
548, 37
534, 31
544, 50
557, 32
547, 12
548, 9
530, 4
549, 16
565, 26
546, 18
530, 26
537, 14
532, 11
524, 17
536, 5
548, 12
545, 24
556, 31
536, 12
532, 32
528, 13
533, 17
525, 35
514, 20
519, 28
534, 19
542, 27
551, 9
565, 19
564, 20
560, 23
574, 39
586, 45
599, 32
591, 23
592, 3
592, 5
599, 19
594, 34
599, 27
589, 39
580, 38
599, 26
597, 12
599, 32
599, 42
599, 58
599, 70
599, 66
599, 72
596, 56
596, 68
599, 73
599, 91
599, 108
599, 99
599, 113
584, 105
592, 94
582, 88
575, 99
590, 91
574, 96
584, 112
577, 111
597, 94
599, 77
590, 68
583, 80
563, 88
568, 97
579, 84
588, 84
575, 76
590, 65
596, 49
599, 62
597, 56
599, 75
582, 60
588, 70
587, 53
581, 36
581, 37
563, 30
567, 23
574, 42
578, 40
594, 37
574, 52
562, 58
550, 59
563, 55
576, 42
592, 24
599, 15
599, 32
599, 28
594, 28
599, 45
581, 54
576, 63
584, 44
579, 48
596, 36
599, 56
588, 54
587, 70
574, 50
576, 51
559, 47
539, 67
526, 77
520, 76
509, 57
493, 61
494, 56
507, 55
521, 36
519, 45
503, 57
516, 77
524, 77
530, 88
517, 77
512, 88
518, 81
510, 65
519, 68
522, 83
505, 76
499, 79
491, 75
474, 56
489, 53
479, 70
481, 88
484, 107
487, 104
485, 93
503, 107
491, 121
479, 130
461, 135
479, 136
491, 122
500, 126
510, 145
529, 132
547, 115
564, 106
557, 88
569, 88
578, 71
583, 66
569, 54
557, 59
572, 66
567, 62
565, 72
570, 68
577, 66
592, 72
580, 89
585, 89
581, 70
577, 77
585, 59
595, 73
595, 79
599, 99
584, 109
596, 93
599, 97
599, 116
594, 114
599, 129
599, 122
599, 114
584, 121
585, 116
599, 117
599, 132
585, 147
570, 140
570, 157
555, 172
575, 180
582, 190
567, 170
566, 169
547, 157
557, 159
547, 175
542, 195
545, 194
564, 175
573, 178
559, 171
570, 176
565, 189
563, 186
569, 173
553, 176
555, 193
550, 195
561, 180
558, 200
546, 200
535, 207
529, 220
510, 230
494, 221
488, 235
483, 239
493, 226
504, 231
508, 251
500, 264
493, 262
510, 270
511, 277
500, 296
504, 312
501, 308
485, 296
504, 304
501, 290
501, 291
502, 282
495, 275
509, 275
524, 257
521, 259
531, 259
534, 265
517, 249
524, 240
530, 250
514, 267
505, 248
522, 248
520, 228
531, 235
511, 252
501, 270
494, 257
509, 251
505, 262
523, 272
511, 254
515, 242
535, 248
526, 261
515, 258
520, 271
536, 255
533, 274
543, 278
526, 292
506, 284
523, 287
530, 302
550, 300
566, 314
567, 328
571, 332
552, 352
545, 341
548, 346
536, 349
539, 348
532, 340
541, 325
544, 326
561, 345
577, 346
590, 366
598, 374
599, 377
579, 379
566, 385
586, 402
599, 422
591, 424
590, 441
581, 437
583, 448
577, 449
572, 445
584, 449
599, 431
599, 442
599, 436
587, 419
599, 427
599, 419
599, 407
598, 425
588, 405
599, 389
591, 371
583, 355
574, 370
593, 362
578, 368
581, 349
588, 366
594, 370
594, 359
599, 358
598, 342
585, 339
599, 330
597, 339
577, 323
578, 316
592, 303
587, 300
595, 294
587, 310
571, 305
586, 321
596, 302
585, 290
567, 287
559, 294
553, 304
570, 310
576, 301
587, 293
599, 289
599, 295
599, 282
594, 301
581, 296
591, 276
585, 290
568, 299
576, 299
559, 317
578, 322
566, 332
576, 316
578, 331
595, 328
581, 340
583, 334
599, 318
599, 302
590, 284
594, 293
599, 294
581, 295
591, 289
599, 276
585, 261
590, 270
580, 276
580, 281
587, 268
588, 251
580, 243
569, 249
556, 240
546, 256
560, 253
551, 247
552, 243
559, 233
547, 220
559, 200
552, 192
536, 173
554, 158
562, 167
543, 161
533, 168
542, 177
562, 191
565, 173
569, 155
579, 173
563, 178
572, 180
555, 161
565, 178
567, 184
549, 179
558, 173
542, 156
522, 164
523, 179
504, 176
514, 164
515, 164
512, 155
496, 154
480, 145
470, 132
470, 152
450, 140
432, 139
432, 125
440, 144
425, 126
425, 118
415, 103
400, 122
390, 121
386, 118
388, 99
384, 107
389, 122
372, 139
384, 151
396, 149
392, 131
409, 119
414, 116
430, 107
434, 111
414, 106
401, 118
415, 132
428, 147
415, 137
422, 150
416, 139
429, 119
437, 124
424, 143
424, 137
407, 147
420, 156
439, 159
434, 157
440, 150
434, 138
431, 129
419, 149
436, 163
439, 178
450, 184
445, 188
445, 202
432, 187
419, 200
420, 191
430, 191
426, 199
418, 194
438, 196
444, 190
438, 180
457, 180
446, 177
435, 158
429, 140
429, 154
428, 149
440, 150
443, 160
453, 167
460, 161
479, 145
477, 163
462, 147
457, 157
439, 138
423, 127
424, 118
418, 130
418, 124
408, 113
415, 128
417, 113
409, 127
410, 129
393, 123
413, 120
411, 126
394, 146
381, 139
361, 151
368, 159
357, 175
369, 172
383, 161
396, 179
383, 163
398, 157
382, 156
386, 141
400, 136
412, 119
392, 103
391, 98
374, 97
360, 106
345, 121
340, 112
342, 98
356, 89
339, 75
330, 94
314, 110
304, 98
303, 78
296, 97
296, 93
311, 88
304, 76
295, 61
276, 79
279, 88
274, 72
266, 83
250, 79
268, 74
266, 76
280, 60
268, 79
278, 82
275, 89
266, 96
253, 80
255, 72
264, 91
270, 104
279, 101
281, 101
293, 107
292, 120
307, 103
297, 107
289, 115
279, 110
298, 111
289, 121
284, 111
272, 121
271, 121
251, 121
256, 132
245, 150
233, 157
249, 167
259, 168
262, 156
253, 140
255, 135
244, 131
262, 125
251, 128
253, 120
239, 134
255, 115
256, 133
259, 118
272, 108
256, 105
264, 87
250, 103
253, 108
233, 100
226, 89
206, 92
210, 104
214, 99
212, 91
210, 91
221, 83
205, 77
211, 80
229, 79
242, 67
234, 64
224, 78
206, 82
189, 89
194, 92
194, 94
183, 90
202, 102
211, 89
218, 99
238, 90
238, 72
221, 68
212, 88
206, 107
207, 109
189, 98
169, 106
175, 108
180, 113
181, 113
184, 109
191, 96
188, 113
204, 97
196, 100
195, 114
211, 96
212, 99
231, 93
244, 111
225, 127
222, 142
240, 136
256, 120
257, 126
241, 122
250, 103
241, 109
255, 97
246, 101
253, 110
272, 95
265, 109
276, 100
256, 98
267, 93
256, 113
241, 126
236, 111
243, 111
247, 93
263, 82
254, 91
240, 79
237, 87
240, 81
249, 94
241, 92
246, 109
266, 128
279, 114
293, 98
306, 98
314, 106
322, 119
319, 135
316, 115
327, 108
334, 113
343, 107
328, 100
336, 110
342, 105
338, 101
332, 87
343, 95
337, 79
340, 82
329, 97
316, 95
322, 109
335, 124
353, 138
333, 136
335, 134
343, 154
342, 172
329, 176
342, 189
330, 202
349, 209
353, 212
344, 208
342, 212
348, 225
329, 205
330, 225
347, 242
332, 232
327, 219
345, 206
364, 213
344, 229
340, 232
331, 230
329, 244
322, 261
302, 257
288, 245
288, 261
283, 278
263, 293
277, 306
263, 308
280, 306
285, 309
270, 310
266, 303
277, 304
297, 284
294, 293
287, 305
303, 286
319, 300
339, 311
323, 309
335, 292
354, 292
371, 309
390, 325
375, 323
373, 339
385, 327
399, 317
388, 328
383, 314
384, 324
404, 327
402, 310
391, 296
403, 295
420, 282
439, 282
458, 288
438, 302
456, 306
444, 314
433, 310
446, 304
434, 319
441, 305
422, 286
404, 295
385, 281
397, 299
393, 305
389, 288
375, 281
386, 261
381, 242
370, 244
353, 246
336, 228
325, 212
324, 227
336, 213
347, 220
332, 239
319, 232
330, 232
312, 223
302, 219
316, 221
316, 210
302, 195
299, 175
311, 167
304, 185
288, 186
283, 185
287, 203
301, 217
310, 211
310, 199
316, 198
306, 210
320, 208
328, 220
330, 222
317, 218
301, 230
296, 215
309, 214
294, 210
299, 223
290, 219
272, 226
252, 227
233, 236
251, 237
265, 227
249, 208
235, 221
235, 237
222, 226
220, 233
218, 215
236, 208
240, 194
251, 186
240, 177
229, 186
232, 197
238, 191
237, 174
250, 187
255, 204
275, 206
291, 208
278, 221
292, 220
306, 205
299, 222
283, 210
302, 225
286, 205
280, 205
281, 204
292, 202
301, 200
310, 219
320, 238
308, 255
295, 263
277, 254
273, 256
260, 261
242, 278
255, 280
267, 300
253, 292
263, 288
275, 269
264, 262
262, 262
276, 275
256, 278
265, 275
255, 286
265, 297
281, 306
280, 303
277, 298
295, 290
279, 276
281, 270
288, 267
298, 277
279, 278
277, 288
260, 299
261, 292
271, 280
274, 294
271, 284
289, 277
295, 285
279, 288
296, 288
288, 295
297, 282
304, 299
295, 310
285, 329
289, 317
292, 318
297, 310
303, 313
300, 298
293, 279
278, 279
292, 276
298, 281
288, 268
284, 284
273, 288
277, 306
261, 303
250, 304
255, 294
256, 274
269, 284
253, 277
263, 281
274, 272
268, 284
274, 290
283, 275
290, 256
286, 248
290, 231
276, 237
293, 226
308, 233
298, 224
310, 214
315, 198
317, 184
310, 193
296, 184
314, 202
331, 191
316, 176
326, 190
309, 210
311, 201
297, 200
314, 220
334, 224
349, 221
332, 213
347, 214
334, 210
346, 210
357, 204
338, 223
335, 234
352, 223
364, 206
362, 207
371, 193
376, 190
360, 170
344, 178
350, 190
367, 198
349, 217
361, 231
347, 211
332, 198
341, 218
354, 208
369, 201
370, 207
351, 190
369, 177
375, 196
384, 184
391, 182
410, 165
416, 155
433, 144
437, 162
445, 165
427, 150
437, 152
432, 155
435, 152
455, 138
446, 154
460, 150
451, 164
431, 161
446, 176
445, 171
440, 173
430, 169
421, 173
402, 174
397, 173
409, 155
415, 138
417, 154
412, 140
425, 122
420, 109
406, 118
418, 125
413, 113
413, 108
407, 102
390, 108
403, 99
402, 113
394, 123
407, 113
399, 132
408, 132
408, 139
403, 128
417, 135
404, 152
395, 171
390, 152
370, 171
362, 181
348, 185
354, 186
355, 200
348, 189
349, 174
369, 154
381, 170
401, 186
382, 167
377, 174
392, 154
398, 142
408, 146
392, 156
411, 144
408, 163
420, 152
417, 151
406, 138
420, 146
432, 136
421, 118
437, 109
447, 112
466, 100
484, 89
486, 103
467, 106
462, 110
447, 116
462, 109
457, 89
445, 85
427, 83
432, 90
417, 86
418, 75
428, 59
427, 67
444, 72
439, 64
421, 61
438, 69
437, 74
447, 91
430, 95
418, 114
412, 123
424, 129
404, 138
417, 131
408, 130
422, 137
411, 139
401, 120
407, 124
411, 123
424, 108
406, 117
403, 111
416, 126
429, 135
435, 128
441, 127
438, 140
449, 158
468, 155
469, 162
477, 172
480, 166
489, 161
503, 176
510, 164
513, 183
531, 188
531, 203
540, 188
525, 201
532, 200
515, 192
516, 180
519, 194
528, 182
544, 175
530, 169
528, 177
540, 181
533, 192
550, 196
545, 200
536, 203
531, 206
534, 206
532, 193
535, 205
516, 191
515, 178
500, 177
493, 164
500, 178
481, 195
490, 184
498, 204
482, 209
470, 190
454, 206
460, 202
451, 219
441, 219
439, 204
425, 189
418, 187
399, 206
387, 193
393, 209
374, 208
389, 215
400, 230
405, 239
417, 228
405, 215
404, 229
416, 214
414, 203
417, 209
407, 209
395, 205
403, 200
419, 198
436, 197
447, 195
453, 193
467, 183
478, 186
460, 170
471, 164
467, 158
471, 144
476, 155
461, 148
467, 134
466, 139
484, 128
468, 132
470, 140
489, 132
490, 126
493, 139
475, 131
493, 151
506, 155
524, 145
522, 164
540, 147
547, 156
527, 170
541, 172
550, 159
530, 169
538, 165
558, 157
549, 148
531, 166
537, 170
526, 174
540, 172
524, 168
506, 180
495, 185
486, 178
481, 167
467, 157
484, 146
488, 154
470, 161
474, 156
467, 145
473, 159
480, 149
483, 167
496, 183
498, 172
514, 160
527, 145
512, 137
510, 137
507, 140
517, 148
502, 155
498, 163
513, 166
512, 179
492, 196
485, 186
471, 173
463, 183
451, 196
443, 210
431, 210
437, 221
457, 235
473, 219
491, 217
495, 211
488, 230
483, 224
490, 223
481, 212
476, 212
465, 199
482, 184
502, 168
488, 148
473, 143
474, 138
479, 143
469, 145
482, 136
471, 125
453, 136
452, 129
439, 147
428, 166
438, 186
455, 180
445, 197
448, 215
453, 221
446, 236
447, 244
458, 249
456, 235
455, 247
475, 239
475, 241
486, 223
504, 224
495, 242
510, 251
519, 245
535, 238
539, 218
545, 216
526, 228
514, 217
524, 207
513, 209
509, 200
525, 217
509, 207
523, 196
523, 214
524, 203
531, 208
521, 212
531, 204
541, 224
551, 216
543, 230
540, 215
540, 202
541, 218
560, 218
565, 210
582, 217
562, 232
548, 247
535, 251
518, 247
537, 258
540, 257
545, 265
534, 273
519, 256
515, 270
517, 269
528, 264
513, 276
514, 286
519, 294
510, 308
526, 323
523, 323
533, 309
524, 321
521, 321
531, 332
546, 341
553, 325
553, 332
533, 321
528, 323
542, 341
544, 339
542, 337
551, 318
537, 307
539, 326
540, 310
546, 301
533, 316
536, 324
534, 329
519, 315
504, 322
485, 304
493, 307
479, 319
469, 317
476, 318
477, 308
474, 308
485, 291
474, 284
478, 281
477, 299
479, 309
489, 294
471, 286
488, 287
503, 297
496, 289
502, 293
514, 288
