300, 225
326, 196
337, 200
353, 184
338, 207
318, 223
315, 229
341, 214
360, 233
337, 233
326, 223
325, 232
318, 211
345, 181
358, 183
342, 157
352, 136
372, 117
351, 121
375, 122
347, 107
338, 105
353, 101
356, 106
332, 133
358, 117
384, 110
366, 130
371, 119
350, 112
365, 110
343, 122
370, 113
398, 116
408, 113
398, 127
387, 120
377, 113
403, 110
406, 119
418, 123
390, 151
415, 180
402, 157
416, 132
445, 156
463, 148
437, 145
451, 147
444, 171
437, 159
416, 142
430, 151
459, 136
464, 114
451, 109
461, 88
487, 111
513, 121
542, 106
541, 134
551, 113
538, 83
552, 64
540, 52
514, 77
529, 87
511, 108
499, 133
498, 136
501, 114
472, 138
478, 133
494, 146
520, 154
503, 155
495, 138
475, 145
476, 148
465, 137
446, 137
446, 108
439, 127
425, 155
434, 126
422, 131
451, 114
440, 116
467, 99
457, 93
476, 85
482, 111
458, 88
461, 113
470, 93
467, 93
480, 88
498, 117
484, 146
462, 175
454, 197
443, 208
437, 196
414, 177
437, 204
464, 223
466, 228
469, 242
467, 222
482, 202
494, 200
470, 176
453, 152
475, 129
479, 133
491, 126
504, 133
499, 115
528, 131
525, 117
505, 100
512, 75
485, 71
481, 85
491, 113
467, 140
483, 136
457, 110
477, 85
480, 108
499, 103
486, 124
469, 124
451, 144
439, 150
421, 154
438, 154
456, 154
465, 126
452, 109
459, 128
455, 99
438, 125
432, 138
404, 116
430, 109
435, 105
435, 124
445, 121
442, 133
413, 148
410, 172
405, 186
431, 193
415, 206
413, 204
413, 189
443, 205
447, 209
435, 197
438, 186
427, 197
432, 192
456, 179
475, 161
502, 136
522, 132
528, 150
530, 168
510, 147
508, 129
514, 110
492, 126
492, 110
479, 127
505, 141
521, 132
529, 146
556, 168
540, 164
511, 173
530, 147
550, 159
521, 129
527, 153
529, 123
538, 119
511, 118
492, 135
507, 157
481, 170
484, 141
478, 171
491, 197
475, 170
447, 181
461, 172
455, 202
478, 216
451, 219
469, 241
459, 212
462, 232
488, 233
475, 242
492, 214
473, 206
495, 211
499, 231
498, 258
517, 272
502, 273
531, 260
502, 271
522, 298
498, 313
523, 300
535, 325
517, 297
501, 285
485, 274
488, 264
493, 262
478, 289
484, 306
494, 289
472, 309
454, 291
472, 290
496, 288
486, 279
471, 305
468, 280
467, 275
471, 271
460, 290
446, 270
445, 278
423, 273
421, 255
412, 276
440, 280
459, 255
481, 266
460, 248
483, 256
511, 260
498, 282
475, 287
462, 290
481, 268
475, 245
473, 221
472, 204
456, 205
466, 193
491, 171
512, 196
494, 176
517, 170
489, 169
476, 158
454, 161
475, 161
464, 167
436, 164
450, 141
462, 138
482, 135
471, 107
487, 78
497, 101
513, 116
483, 120
466, 131
475, 135
450, 137
434, 147
443, 134
461, 126
454, 135
451, 146
433, 143
426, 123
428, 130
428, 101
426, 129
450, 124
476, 139
451, 123
425, 137
455, 135
444, 162
464, 145
445, 125
472, 123
480, 120
454, 93
461, 123
463, 96
485, 88
512, 90
521, 84
529, 54
510, 66
511, 84
499, 57
474, 53
487, 76
496, 48
512, 70
492, 93
500, 105
513, 111
493, 123
495, 111
504, 111
498, 122
482, 99
492, 98
512, 126
512, 105
537, 121
516, 103
500, 116
516, 110
539, 111
515, 104
490, 121
478, 107
448, 105
471, 84
500, 75
496, 73
513, 44
535, 51
525, 40
533, 51
522, 71
502, 100
517, 105
547, 113
521, 127
543, 124
540, 137
565, 136
563, 126
568, 143
579, 163
580, 157
599, 130
599, 157
580, 134
569, 153
592, 171
599, 194
599, 204
590, 186
570, 163
549, 148
535, 168
523, 147
552, 134
548, 106
576, 130
599, 115
599, 122
599, 135
584, 136
581, 161
595, 190
599, 173
596, 156
599, 177
599, 194
591, 214
599, 189
599, 208
599, 202
584, 222
585, 217
588, 198
597, 203
598, 193
571, 212
553, 204
543, 193
562, 207
564, 191
576, 177
586, 173
562, 195
568, 199
598, 223
588, 195
585, 197
574, 207
562, 229
573, 203
553, 215
537, 187
561, 176
553, 202
535, 227
523, 250
520, 275
523, 284
507, 291
509, 278
505, 285
535, 297
529, 321
514, 294
502, 312
513, 332
517, 341
540, 353
568, 331
563, 360
593, 379
589, 356
583, 329
599, 344
596, 339
599, 338
593, 342
599, 350
599, 358
599, 363
599, 381
599, 368
599, 342
599, 336
586, 326
563, 343
559, 337
568, 353
544, 361
569, 347
550, 322
541, 352
568, 357
597, 334
599, 329
572, 341
543, 363
538, 334
530, 337
551, 338
565, 347
536, 337
513, 325
521, 316
551, 289
560, 275
582, 289
596, 296
593, 324
599, 307
599, 308
569, 282
570, 264
560, 278
576, 283
568, 255
546, 228
541, 206
556, 232
573, 213
568, 231
589, 227
587, 205
568, 196
572, 212
554, 223
560, 237
539, 245
515, 257
529, 235
506, 209
524, 230
508, 216
523, 196
540, 178
521, 152
498, 165
518, 154
527, 181
518, 171
548, 154
526, 124
524, 135
495, 117
496, 126
484, 103
490, 74
508, 102
482, 124
502, 112
500, 102
489, 79
470, 85
469, 115
471, 129
471, 109
456, 134
454, 146
476, 156
487, 154
501, 152
507, 178
518, 206
494, 195
510, 199
536, 227
542, 236
531, 217
516, 188
535, 200
517, 183
499, 191
512, 162
534, 158
518, 185
537, 196
526, 199
539, 214
534, 218
534, 225
528, 241
542, 234
519, 258
518, 251
492, 242
503, 233
519, 230
531, 234
551, 211
579, 219
573, 242
571, 236
585, 233
575, 239
574, 229
574, 232
549, 248
519, 230
505, 257
534, 268
519, 253
519, 241
535, 240
531, 265
523, 279
505, 278
509, 253
534, 245
504, 217
524, 217
539, 210
521, 181
501, 187
477, 168
464, 150
458, 169
478, 142
501, 153
528, 170
543, 185
531, 211
520, 182
504, 192
518, 187
515, 177
542, 175
537, 179
567, 182
538, 190
510, 191
537, 218
524, 196
500, 172
475, 187
481, 164
465, 189
459, 166
443, 142
418, 145
422, 169
420, 190
399, 178
428, 160
409, 169
397, 153
413, 163
428, 178
424, 149
439, 161
421, 134
402, 146
412, 149
433, 139
433, 146
450, 147
475, 166
484, 163
454, 156
461, 151
483, 150
458, 148
441, 164
445, 174
440, 174
464, 156
474, 156
462, 178
461, 167
438, 192
454, 163
466, 186
442, 158
469, 137
448, 131
443, 150
458, 154
437, 162
450, 149
447, 139
441, 155
431, 148
450, 137
471, 159
456, 146
455, 166
485, 177
484, 171
514, 193
542, 215
522, 208
509, 182
489, 204
492, 212
488, 215
498, 217
515, 211
504, 197
508, 205
508, 222
503, 227
504, 253
532, 283
511, 296
486, 289
486, 275
477, 252
481, 236
467, 265
487, 266
504, 237
481, 218
488, 216
512, 246
492, 232
470, 244
482, 237
454, 257
469, 262
476, 255
452, 273
472, 289
501, 261
481, 265
457, 253
441, 278
414, 297
389, 276
379, 255
359, 227
373, 256
382, 275
386, 260
360, 274
355, 285
378, 313
399, 294
402, 307
372, 322
346, 345
353, 339
379, 338
395, 331
391, 320
361, 325
335, 301
352, 298
376, 295
359, 297
364, 291
336, 288
313, 260
283, 236
304, 208
294, 216
294, 224
270, 224
288, 231
277, 245
304, 266
291, 277
302, 281
273, 271
294, 271
264, 248
245, 236
218, 238
236, 232
259, 233
288, 260
280, 282
259, 292
283, 313
256, 292
240, 293
219, 265
231, 269
242, 242
225, 235
253, 237
259, 220
256, 219
251, 248
255, 251
260, 225
283, 209
266, 212
247, 226
243, 224
273, 206
294, 199
307, 189
281, 164
272, 149
259, 177
279, 174
300, 154
313, 169
325, 181
295, 172
319, 154
289, 181
278, 200
286, 187
315, 168
305, 153
301, 161
309, 173
332, 159
337, 142
348, 158
331, 142
317, 153
339, 173
367, 159
351, 174
357, 186
358, 177
361, 199
342, 180
343, 167
368, 142
355, 134
384, 155
406, 127
430, 131
450, 150
436, 162
447, 133
429, 113
406, 130
394, 145
381, 174
409, 175
433, 187
450, 188
464, 188
446, 191
418, 182
409, 195
416, 199
424, 171
429, 144
438, 131
423, 105
395, 119
401, 143
375, 163
378, 185
365, 214
368, 217
374, 195
391, 209
381, 231
389, 235
390, 238
414, 248
436, 266
421, 278
442, 295
442, 306
455, 310
473, 290
495, 276
473, 250
458, 268
428, 296
440, 300
426, 319
440, 305
450, 295
423, 273
404, 263
415, 242
440, 261
450, 272
472, 287
461, 282
454, 287
431, 304
461, 293
443, 294
454, 286
470, 256
449, 245
466, 221
484, 249
474, 274
488, 300
492, 272
521, 266
548, 237
524, 215
543, 234
534, 251
511, 228
508, 198
534, 199
553, 200
530, 189
506, 189
481, 190
462, 164
465, 161
470, 146
459, 176
482, 197
462, 183
450, 200
449, 177
439, 157
463, 154
474, 173
463, 158
475, 155
502, 138
475, 121
471, 115
483, 89
455, 103
428, 133
420, 131
408, 130
409, 108
416, 137
411, 134
438, 159
462, 159
485, 180
497, 166
496, 157
487, 144
474, 149
481, 164
486, 184
510, 206
491, 221
467, 221
446, 207
473, 218
464, 207
462, 193
478, 183
465, 186
447, 181
462, 192
438, 174
425, 200
404, 209
416, 219
416, 204
392, 215
410, 198
422, 224
447, 220
465, 197
444, 186
444, 197
446, 219
427, 248
400, 221
398, 249
422, 244
415, 255
405, 279
435, 282
465, 295
472, 302
467, 288
450, 310
462, 304
456, 278
447, 281
437, 262
453, 238
450, 216
434, 195
441, 224
411, 216
384, 197
373, 221
351, 208
345, 220
341, 209
321, 217
344, 214
357, 193
360, 184
356, 202
375, 187
362, 202
377, 188
368, 215
345, 244
351, 239
330, 209
327, 209
357, 224
364, 208
334, 204
322, 219
319, 237
291, 213
305, 220
276, 195
278, 172
282, 148
260, 119
230, 128
233, 113
236, 109
260, 133
283, 132
274, 108
283, 99
308, 119
286, 89
282, 109
258, 134
252, 161
269, 183
268, 184
256, 194
269, 222
289, 197
289, 218
309, 207
327, 211
329, 205
330, 222
334, 208
357, 213
380, 186
383, 189
359, 197
370, 186
385, 196
395, 194
409, 194
406, 214
387, 214
365, 217
387, 209
391, 224
410, 198
384, 216
389, 217
395, 232
412, 205
382, 211
398, 236
402, 250
403, 236
384, 246
355, 246
368, 242
375, 238
402, 208
376, 203
362, 223
346, 232
357, 237
345, 242
356, 269
358, 248
357, 267
377, 252
363, 226
370, 215
388, 226
375, 198
389, 181
406, 206
376, 200
357, 170
335, 188
342, 186
327, 204
328, 185
312, 157
305, 138
281, 163
291, 143
268, 117
292, 121
312, 105
329, 121
323, 104
319, 128
290, 100
285, 102
287, 88
312, 115
330, 106
351, 132
328, 103
299, 112
315, 103
289, 105
286, 79
298, 83
315, 112
343, 107
365, 100
366, 121
382, 148
409, 136
417, 138
407, 160
380, 145
353, 115
362, 103
334, 98
342, 82
356, 93
327, 105
342, 106
334, 92
314, 109
313, 104
341, 91
315, 112
299, 120
308, 116
332, 86
348, 86
367, 104
370, 122
368, 113
350, 99
335, 96
312, 89
308, 81
291, 109
267, 127
253, 99
234, 127
254, 99
262, 104
264, 99
260, 73
267, 90
237, 97
223, 98
218, 125
206, 128
218, 139
218, 164
238, 158
238, 160
255, 144
240, 158
239, 151
238, 126
226, 137
255, 140
276, 151
265, 151
295, 137
283, 110
282, 120
266, 99
261, 87
261, 77
269, 107
271, 133
278, 104
268, 79
295, 103
295, 93
278, 83
303, 107
295, 94
318, 102
304, 122
283, 105
274, 86
260, 94
258, 77
285, 85
266, 111
243, 114
268, 111
275, 125
280, 112
268, 131
253, 147
237, 145
240, 144
218, 131
216, 151
246, 138
223, 154
196, 166
173, 157
151, 171
153, 183
133, 183
156, 187
156, 174
146, 146
151, 138
144, 166
135, 162
157, 134
149, 135
177, 137
165, 126
172, 156
185, 175
158, 173
144, 166
130, 152
138, 142
155, 170
133, 182
155, 209
151, 200
149, 218
162, 224
174, 202
148, 232
162, 207
187, 184
210, 193
203, 180
188, 153
187, 183
190, 163
181, 149
185, 170
193, 193
188, 204
195, 206
207, 189
196, 188
217, 204
210, 219
203, 206
191, 182
199, 203
216, 215
219, 241
237, 215
211, 209
219, 201
200, 176
204, 163
225, 146
231, 128
203, 125
193, 110
223, 96
235, 92
243, 99
266, 111
295, 123
292, 132
297, 150
272, 129
257, 115
282, 128
264, 128
246, 126
267, 128
279, 146
284, 167
294, 170
296, 171
272, 185
286, 170
307, 157
311, 172
327, 191
354, 204
345, 175
348, 191
330, 218
333, 227
323, 220
319, 240
309, 225
338, 245
322, 274
333, 250
355, 258
334, 250
340, 260
354, 248
361, 270
377, 269
391, 266
392, 265
383, 279
363, 254
343, 254
339, 239
363, 268
342, 286
350, 275
362, 282
364, 297
355, 323
334, 331
331, 343
321, 327
292, 334
293, 359
277, 360
264, 339
288, 316
262, 328
245, 312
250, 314
232, 315
254, 294
247, 316
246, 305
265, 300
248, 279
276, 308
256, 298
273, 298
281, 297
310, 314
305, 315
301, 299
322, 278
341, 292
369, 291
362, 279
363, 290
351, 315
354, 286
348, 269
339, 254
355, 244
358, 237
370, 267
365, 294
380, 316
402, 299
378, 273
390, 262
385, 258
371, 250
348, 254
338, 266
330, 268
318, 291
306, 295
303, 295
282, 267
312, 287
306, 280
293, 266
321, 261
341, 285
364, 275
349, 253
346, 240
358, 257
346, 255
338, 231
353, 224
340, 196
330, 211
339, 212
317, 183
289, 178
293, 185
307, 197
305, 195
317, 192
317, 172
287, 160
260, 145
258, 161
259, 172
256, 151
236, 181
251, 192
245, 189
273, 173
264, 187
277, 191
298, 192
276, 174
275, 187
287, 213
270, 227
274, 217
283, 205
257, 181
233, 209
231, 212
242, 214
226, 194
199, 202
212, 224
219, 197
224, 177
200, 190
225, 189
235, 212
242, 221
235, 210
228, 219
226, 212
206, 228
200, 251
184, 254
182, 265
178, 281
191, 260
188, 240
198, 212
228, 230
215, 223
238, 203
224, 186
241, 190
239, 165
259, 177
248, 155
222, 164
200, 148
215, 149
197, 128
199, 102
189, 86
203, 106
198, 128
171, 145
158, 139
184, 125
213, 101
226, 126
239, 140
214, 150
241, 134
241, 110
266, 101
238, 81
214, 87
221, 98
198, 90
204, 87
194, 113
191, 128
208, 139
193, 130
179, 102
187, 114
206, 94
225, 95
244, 80
220, 88
232, 92
233, 111
248, 102
223, 88
218, 93
223, 100
224, 121
247, 144
268, 139
250, 142
223, 135
252, 113
267, 139
248, 132
253, 162
246, 179
235, 193
265, 185
272, 193
282, 212
279, 221
272, 239
286, 268
281, 280
277, 266
256, 257
238, 238
213, 251
213, 265
198, 280
211, 263
199, 255
205, 281
189, 260
170, 248
156, 240
180, 244
174, 246
186, 240
192, 228
173, 228
177, 237
173, 238
161, 228
159, 243
181, 270
174, 280
194, 250
180, 227
193, 237
215, 243
196, 245
217, 241
225, 252
208, 254
180, 253
161, 269
147, 245
156, 270
154, 274
175, 275
184, 285
180, 257
160, 236
132, 230
147, 223
149, 201
129, 212
128, 196
124, 174
117, 176
141, 176
113, 203
129, 177
145, 150
159, 174
162, 198
191, 207
216, 199
228, 219
252, 237
239, 260
251, 233
270, 245
281, 275
254, 269
251, 297
258, 315
286, 318
305, 348
315, 349
312, 330
314, 309
292, 298
267, 303
249, 320
271, 321
296, 297
276, 307
276, 321
259, 305
250, 312
270, 301
270, 301
273, 282
294, 301
269, 294
260, 302
270, 311
240, 309
262, 293
255, 311
241, 285
249, 281
222, 278
246, 274
239, 297
237, 318
214, 325
195, 344
165, 334
193, 346
202, 368
216, 355
235, 378
221, 370
198, 347
181, 331
152, 342
181, 372
174, 355
168, 365
174, 355
191, 337
176, 331
177, 312
204, 301
227, 321
214, 312
226, 340
213, 311
195, 301
180, 285
152, 257
139, 229
158, 233
182, 203
207, 214
230, 200
252, 230
280, 206
285, 223
314, 240
341, 256
352, 269
337, 259
319, 232
343, 221
346, 222
360, 226
388, 255
372, 277
377, 263
362, 283
360, 298
348, 306
366, 282
353, 298
377, 277
369, 270
395, 296
379, 294
381, 279
375, 309
379, 325
385, 320
408, 324
390, 316
418, 288
413, 297
429, 284
445, 306
416, 323
402, 304
416, 309
399, 309
392, 309
367, 317
363, 317
340, 345
347, 324
333, 330
304, 353
307, 351
282, 358
303, 357
301, 349
281, 348
282, 326
301, 347
275, 363
269, 356
273, 342
286, 340
275, 353
259, 334
231, 324
226, 342
221, 323
248, 325
250, 331
257, 357
287, 363
281, 342
296, 359
294, 354
274, 366
280, 376
268, 368
292, 361
262, 355
265, 362
255, 365
259, 389
233, 360
230, 382
220, 378
213, 352
187, 366
215, 390
220, 361
232, 355
247, 352
261, 332
257, 303
239, 297
256, 278
281, 286
258, 288
250, 299
277, 313
276, 311
304, 329
324, 354
319, 334
325, 333
336, 343
358, 344
367, 332
370, 329
390, 315
369, 301
347, 309
362, 318
345, 312
358, 335
364, 321
392, 305
388, 299
364, 308
363, 285
371, 258
350, 239
345, 211
318, 214
342, 192
362, 176
345, 159
365, 159
378, 136
382, 145
396, 153
376, 142
378, 120
382, 143
379, 125
406, 125
410, 126
413, 118
394, 121
402, 111
381, 100
353, 100
339, 127
360, 114
344, 106
317, 85
296, 98
273, 91
272, 101
271, 80
287, 92
314, 84
311, 87
310, 91
304, 108
318, 126
344, 104
321, 91
314, 112
301, 125
316, 112
318, 85
295, 115
322, 101
328, 128
340, 154
351, 181
369, 193
385, 187
364, 191
360, 206
363, 190
351, 217
348, 193
350, 193
331, 206
351, 179
336, 179
364, 186
350, 208
322, 178
343, 202
344, 178
323, 194
326, 170
349, 189
350, 218
356, 220
344, 231
328, 206
310, 220
311, 200
333, 173
344, 158
350, 183
352, 162
362, 183
365, 157
361, 173
360, 165
372, 160
378, 180
400, 166
428, 178
444, 188
421, 179
441, 168
450, 182
433, 158
433, 143
428, 161
407, 147
414, 117
405, 117
388, 112
372, 107
401, 99
379, 120
375, 132
375, 159
362, 136
354, 162
379, 153
374, 162
403, 179
419, 187
446, 214
453, 228
423, 203
430, 207
400, 221
384, 217
355, 240
342, 266
344, 289
325, 265
354, 237
348, 239
378, 229
355, 206
360, 184
333, 161
333, 158
319, 171
349, 161
338, 162
360, 178
345, 153
330, 138
337, 162
312, 161
295, 179
296, 197
278, 198
253, 177
240, 194
250, 214
266, 201
237, 200
238, 183
244, 173
226, 150
222, 139
227, 120
255, 138
279, 168
297, 138
278, 161
288, 164
304, 172
279, 165
256, 140
245, 149
222, 140
193, 112
202, 118
223, 94
208, 105
203, 124
200, 108
207, 118
204, 99
223, 120
209, 125
221, 117
240, 127
262, 134
286, 122
304, 94
333, 119
317, 141
326, 128
356, 114
382, 103
391, 105
411, 123
399, 122
386, 124
404, 148
422, 177
404, 178
433, 187
422, 209
420, 200
426, 212
454, 194
445, 211
440, 216
430, 204
454, 201
464, 229
494, 207
476, 236
468, 213
449, 189
426, 203
422, 222
396, 199
375, 170
360, 144
370, 148
346, 167
334, 192
328, 170
308, 194
321, 165
305, 156
310, 158
317, 187
341, 210
366, 201
337, 183
358, 168
331, 138
311, 108
297, 102
293, 72
299, 87
320, 75
295, 99
284, 104
291, 133
311, 156
287, 160
268, 163
274, 154
290, 148
289, 131
260, 158
245, 170
223, 183
209, 190
233, 207
256, 202
240, 172
248, 165
221, 188
201, 175
214, 188
226, 177
245, 196
229, 176
237, 148
230, 118
233, 134
233, 143
224, 114
240, 119
254, 133
281, 136
283, 132
313, 128
305, 148
299, 170
312, 195
340, 189
311, 186
294, 184
277, 200
266, 209
277, 201
268, 215
262, 218
271, 235
260, 220
240, 190
212, 186
192, 174
203, 199
215, 178
228, 161
209, 146
237, 145
235, 117
209, 100
193, 82
187, 105
184, 132
173, 155
182, 129
173, 127
171, 128
153, 157
161, 179
170, 159
185, 161
182, 145
174, 169
185, 187
171, 175
157, 175
130, 181
115, 151
94, 179
108, 180
104, 198
124, 214
139, 185
128, 196
143, 209
113, 215
124, 235
108, 263
121, 257
120, 240
150, 251
168, 271
191, 294
195, 291
214, 263
211, 245
222, 229
205, 206
201, 179
179, 175
170, 155
165, 173
166, 163
136, 150
129, 121
108, 116
82, 133
63, 159
83, 189
109, 170
114, 146
144, 121
145, 150
159, 172
154, 148
166, 164
177, 157
167, 136
168, 151
151, 147
140, 166
145, 177
125, 192
151, 202
172, 198
160, 175
147, 181
159, 181
142, 161
133, 176
156, 148
136, 145
108, 163
82, 167
76, 181
51, 204
63, 205
92, 182
74, 169
99, 151
109, 157
123, 150
133, 166
118, 144
147, 115
146, 120
116, 146
94, 158
97, 160
108, 187
101, 175
129, 189
132, 204
159, 216
140, 189
162, 216
177, 228
201, 248
184, 278
163, 285
171, 283
183, 293
192, 288
194, 274
207, 276
196, 276
224, 271
223, 275
233, 302
210, 324
201, 297
180, 310
196, 320
176, 344
155, 348
178, 363
208, 385
218, 358
214, 363
242, 359
263, 349
257, 371
252, 351
275, 365
280, 344
277, 330
298, 315
278, 290
294, 312
277, 294
293, 289
266, 285
245, 288
237, 282
225, 305
245, 288
235, 297
237, 278
221, 255
234, 248
233, 238
243, 230
250, 206
253, 213
245, 184
248, 179
278, 155
305, 139
278, 144
269, 171
244, 159
231, 146
224, 127
204, 110
227, 132
254, 110
232, 139
224, 113
232, 137
216, 150
238, 168
253, 156
230, 132
225, 145
229, 119
234, 101
249, 87
249, 90
270, 120
261, 145
261, 174
266, 198
273, 200
263, 219
251, 212
246, 223
251, 200
248, 197
251, 168
221, 174
193, 200
178, 194
176, 170
164, 186
146, 175
171, 147
155, 147
148, 134
164, 154
143, 139
143, 123
161, 148
162, 172
134, 151
117, 131
106, 137
94, 163
100, 174
129, 164
156, 160
130, 154
131, 180
127, 157
103, 167
92, 196
121, 209
139, 190
138, 194
163, 186
159, 189
130, 188
122, 167
102, 150
85, 180
60, 177
73, 202
62, 214
82, 205
56, 218
85, 220
112, 242
119, 218
110, 202
127, 209
139, 185
132, 205
153, 225
172, 244
145, 229
175, 209
162, 207
140, 183
167, 195
185, 221
214, 232
227, 210
213, 207
242, 214
241, 205
226, 176
207, 160
213, 133
207, 106
232, 96
242, 104
256, 81
275, 103
253, 121
252, 106
280, 97
251, 98
247, 90
222, 98
192, 84
202, 84
215, 96
215, 123
232, 97
228, 106
202, 90
203, 108
173, 101
167, 101
156, 107
184, 96
188, 99
203, 116
217, 105
193, 118
218, 125
210, 115
211, 127
203, 152
232, 141
217, 168
206, 144
188, 170
167, 174
152, 145
165, 174
143, 192
139, 206
134, 196
142, 213
142, 205
162, 215
189, 225
205, 240
194, 270
184, 258
210, 273
218, 298
213, 327
241, 331
211, 355
226, 380
243, 366
254, 365
228, 364
217, 369
216, 362
211, 368
201, 355
216, 380
215, 388
230, 389
225, 363
218, 388
230, 379
200, 355
201, 338
220, 357
225, 356
254, 335
259, 341
233, 363
230, 364
240, 358
267, 362
250, 343
253, 367
258, 392
236, 364
219, 376
240, 392
228, 367
229, 372
212, 357
192, 330
177, 349
203, 322
228, 298
198, 291
209, 307
235, 333
243, 334
263, 311
273, 287
297, 301
272, 278
244, 275
238, 269
233, 266
247, 254
252, 244
256, 217
226, 187
243, 174
233, 148
241, 149
221, 151
240, 171
260, 185
260, 168
253, 166
239, 155
234, 173
249, 191
265, 197
259, 213
242, 186
249, 157
265, 138
238, 134
255, 122
234, 135
205, 151
200, 181
201, 205
211, 204
186, 177
215, 192
188, 177
161, 198
139, 182
143, 161
144, 163
114, 185
109, 162
94, 166
69, 183
39, 161
61, 150
39, 121
53, 116
51, 113
75, 85
85, 82
81, 70
110, 45
116, 64
143, 94
117, 112
147, 89
170, 77
152, 77
182, 88
202, 76
173, 98
195, 105
181, 107
182, 116
205, 143
198, 138
212, 116
183, 96
208, 117
204, 124
177, 149
170, 133
146, 150
160, 175
136, 169
141, 178
163, 157
176, 127
183, 141
177, 141
156, 162
151, 166
123, 185
102, 160
130, 132
142, 125
157, 137
154, 157
177, 153
184, 156
212, 147
237, 175
251, 203
258, 198
243, 194
253, 195
224, 199
232, 219
222, 223
251, 206
230, 203
228, 198
220, 184
196, 159
200, 131
188, 130
203, 137
200, 126
179, 121
180, 110
175, 121
180, 144
185, 153
182, 176
162, 167
191, 188
207, 203
204, 194
206, 173
218, 183
238, 175
219, 180
231, 151
253, 143
273, 115
285, 138
312, 129
336, 121
312, 118
312, 106
283, 111
272, 138
257, 119
240, 121
252, 97
260, 110
235, 101
243, 119
215, 144
244, 156
241, 165
239, 155
222, 152
221, 173
234, 145
262, 126
286, 122
302, 112
281, 98
302, 76
321, 82
294, 111
270, 126
250, 103
247, 80
219, 79
239, 96
247, 119
269, 142
245, 147
224, 154
241, 151
236, 145
237, 120
258, 92
273, 110
258, 120
282, 121
312, 112
307, 113
325, 89
315, 65
337, 94
310, 94
292, 87
306, 82
308, 96
281, 72
272, 98
296, 89
326, 109
301, 106
319, 90
292, 113
297, 114
292, 104
279, 121
266, 92
268, 78
273, 76
278, 78
277, 84
264, 103
265, 96
263, 68
233, 85
231, 114
257, 95
239, 123
253, 142
271, 155
249, 169
223, 151
204, 131
219, 152
247, 122
231, 126
202, 136
203, 114
222, 113
235, 89
246, 78
271, 76
270, 98
255, 122
264, 136
243, 138
268, 162
253, 171
250, 184
253, 193
237, 168
243, 146
220, 150
228, 159
226, 154
252, 154
269, 131
253, 145
251, 163
266, 170
267, 151
269, 139
247, 112
221, 104
203, 131
180, 140
183, 148
193, 133
192, 117
184, 91
173, 100
171, 85
148, 84
156, 76
129, 48
139, 69
112, 89
85, 74
70, 46
48, 74
38, 87
45, 80
72, 60
44, 52
60, 79
32, 57
30, 85
44, 101
50, 78
77, 75
49, 70
79, 54
93, 48
100, 18
89, 24
65, 36
40, 50
19, 61
25, 52
33, 59
22, 32
10, 11
6, 37
19, 55
24, 36
10, 20
13, 5
14, 7
25, 9
38, 35
50, 29
40, 53
62, 72
44, 49
61, 70
59, 48
35, 57
47, 51
34, 27
36, 35
6, 49
24, 48
20, 68
4, 93
18, 114
18, 127
8, 135
15, 157
8, 137
16, 147
37, 158
25, 180
27, 178
15, 163
13, 163
19, 175
39, 194
43, 221
45, 241
20, 236
10, 240
20, 239
18, 250
22, 264
26, 275
20, 285
25, 296
42, 297
26, 302
21, 287
34, 270
38, 267
41, 246
28, 223
27, 228
26, 227
52, 248
80, 224
89, 195
65, 189
85, 194
112, 176
82, 180
89, 161
91, 182
75, 210
53, 216
75, 236
100, 237
104, 261
92, 264
108, 288
116, 312
100, 294
99, 291
102, 272
113, 297
114, 297
116, 325
111, 315
115, 326
116, 344
134, 354
161, 337
167, 326
146, 340
118, 312
101, 289
77, 305
105, 327
119, 333
118, 310
119, 338
119, 312
127, 300
119, 293
148, 279
118, 293
121, 323
110, 345
127, 322
156, 331
172, 350
193, 363
195, 363
214, 384
187, 366
199, 387
214, 362
193, 378
190, 356
214, 330
229, 356
244, 347
272, 369
246, 364
248, 357
238, 340
252, 362
258, 378
270, 369
262, 365
262, 341
253, 339
230, 318
222, 296
201, 284
212, 293
234, 307
261, 283
282, 297
262, 286
250, 295
247, 267
242, 255
234, 240
237, 260
228, 248
249, 237
235, 211
220, 181
247, 186
223, 181
227, 192
235, 221
236, 196
254, 219
238, 209
259, 187
239, 191
212, 179
193, 155
176, 166
175, 155
151, 168
167, 177
183, 183
182, 194
158, 166
133, 151
140, 180
118, 195
96, 194
81, 209
54, 219
43, 190
59, 218
42, 199
54, 207
75, 205
102, 194
111, 190
120, 165
94, 171
112, 200
105, 184
124, 157
132, 155
137, 135
139, 135
145, 107
170, 130
158, 146
153, 151
153, 163
139, 166
162, 136
183, 136
212, 126
185, 156
207, 162
195, 156
214, 139
243, 155
249, 176
259, 150
242, 145
269, 130
284, 117
280, 91
270, 114
282, 101
298, 79
319, 89
289, 100
303, 88
311, 90
285, 87
309, 96
295, 107
324, 126
296, 112
273, 94
301, 124
317, 131
333, 155
324, 161
313, 140
285, 131
315, 111
306, 85
322, 108
347, 104
354, 84
369, 95
360, 96
332, 101
304, 94
289, 118
273, 103
260, 79
279, 99
293, 103
285, 128
260, 117
245, 92
236, 106
229, 98
233, 89
204, 94
202, 106
224, 117
249, 103
249, 88
255, 98
258, 81
285, 109
310, 109
292, 88
295, 106
323, 96
313, 94
294, 86
324, 97
314, 109
308, 109
335, 108
327, 132
327, 134
357, 149
384, 159
376, 182
364, 196
372, 226
366, 245
371, 249
360, 264
334, 284
313, 283
288, 311
293, 312
310, 306
339, 307
330, 301
302, 324
288, 321
310, 350
284, 351
263, 370
286, 385
265, 367
283, 366
288, 360
261, 335
282, 336
273, 314
291, 294
281, 279
264, 274
268, 268
245, 295
263, 271
283, 280
273, 288
274, 281
247, 276
251, 256
274, 237
258, 225
276, 204
247, 185
247, 176
266, 174
261, 186
288, 186
292, 187
316, 193
320, 173
317, 172
337, 177
360, 165
338, 171
329, 197
356, 204
368, 216
383, 206
369, 188
342, 179
369, 191
364, 173
394, 153
414, 134
411, 127
389, 134
375, 106
379, 99
378, 98
379, 97
370, 113
390, 132
378, 117
372, 93
358, 120
334, 146
317, 139
340, 120
316, 102
298, 105
324, 106
294, 85
294, 85
265, 106
279, 89
262, 96
282, 120
271, 121
259, 136
269, 106
246, 82
266, 96
250, 120
252, 123
277, 120
303, 139
332, 135
309, 163
306, 159
296, 165
296, 184
320, 198
305, 196
331, 221
349, 211
369, 182
351, 156
358, 149
384, 154
400, 173
382, 178
387, 176
391, 190
379, 173
349, 158
353, 166
376, 186
376, 174
377, 164
361, 152
364, 168
381, 143
387, 160
404, 177
390, 197
361, 173
358, 161
335, 168
313, 152
329, 157
319, 141
341, 130
339, 112
361, 129
356, 134
384, 110
373, 96
363, 120
389, 112
407, 94
397, 102
401, 129
423, 127
438, 152
454, 122
460, 145
471, 150
454, 129
467, 117
492, 89
469, 110
486, 134
508, 132
519, 156
536, 142
544, 165
514, 158
533, 166
506, 138
528, 114
541, 140
520, 147
513, 127
518, 100
528, 114
507, 126
497, 114
473, 107
464, 129
490, 106
509, 126
482, 118
498, 148
507, 136
537, 152
546, 169
534, 165
517, 183
513, 185
525, 186
512, 201
486, 191
492, 208
499, 238
499, 228
473, 199
474, 186
463, 178
458, 160
471, 168
475, 165
468, 138
481, 161
486, 175
486, 178
480, 202
481, 178
504, 169
496, 179
488, 155
462, 163
458, 135
477, 155
488, 173
508, 172
517, 198
494, 215
472, 209
494, 205
478, 235
491, 254
462, 230
434, 214
447, 234
437, 226
413, 210
389, 193
389, 212
417, 211
447, 204
418, 225
394, 209
390, 220
368, 223
365, 209
346, 239
362, 248
370, 225
371, 232
371, 212
377, 190
380, 161
394, 163
400, 186
400, 202
405, 221
412, 211
414, 224
417, 202
430, 209
460, 196
489, 180
480, 196
508, 180
526, 167
534, 184
525, 200
539, 174
512, 163
502, 192
524, 201
499, 224
508, 248
478, 262
454, 278
427, 282
442, 291
464, 279
475, 274
460, 277
465, 302
445, 317
462, 303
432, 281
440, 279
427, 287
447, 305
427, 309
449, 279
470, 249
492, 237
474, 227
485, 216
481, 187
462, 185
458, 169
437, 139
427, 115
450, 138
447, 135
458, 126
471, 117
493, 137
467, 147
447, 155
437, 156
410, 171
380, 159
381, 185
404, 160
415, 137
403, 131
394, 137
376, 138
357, 117
346, 92
336, 109
344, 107
346, 82
331, 90
334, 105
313, 124
326, 109
349, 132
329, 130
307, 157
300, 142
308, 114
288, 85
277, 85
289, 99
283, 103
293, 130
315, 144
327, 122
324, 128
310, 148
280, 173
289, 145
277, 162
277, 189
273, 191
256, 203
234, 185
245, 184
251, 159
260, 144
263, 143
285, 171
297, 169
315, 159
309, 145
305, 136
332, 106
350, 118
367, 105
352, 127
368, 155
339, 163
363, 162
382, 191
369, 198
367, 211
374, 224
401, 243
403, 233
388, 249
371, 274
363, 261
347, 270
370, 270
373, 277
351, 260
350, 283
379, 293
383, 276
401, 301
378, 278
396, 300
397, 325
425, 312
396, 285
368, 295
348, 293
367, 302
377, 277
389, 285
388, 258
378, 272
401, 281
371, 274
376, 281
348, 288
356, 270
365, 289
360, 296
345, 283
336, 308
365, 291
382, 288
407, 290
415, 298
390, 316
400, 305
408, 321
383, 305
386, 303
392, 283
386, 270
372, 298
384, 283
379, 286
371, 260
363, 269
375, 273
364, 288
355, 270
373, 289
360, 311
373, 329
361, 343
369, 337
342, 313
359, 298
358, 301
385, 303
363, 318
360, 338
349, 317
353, 303
374, 333
360, 309
368, 317
339, 296
342, 283
348, 300
355, 284
328, 283
353, 284
336, 256
335, 246
314, 247
303, 231
313, 243
343, 266
348, 291
338, 293
334, 297
354, 327
334, 354
317, 355
320, 338
290, 319
260, 309
285, 297
277, 310
301, 334
287, 362
281, 361
254, 352
258, 367
252, 393
275, 403
290, 411
264, 397
243, 378
255, 376
246, 364
257, 392
227, 381
215, 384
238, 377
215, 382
235, 371
228, 369
237, 354
259, 354
250, 356
222, 370
223, 364
248, 386
264, 357
238, 329
254, 316
249, 295
272, 275
263, 304
280, 308
291, 302
295, 317
277, 335
269, 338
250, 323
250, 345
223, 374
218, 387
246, 367
274, 357
282, 329
268, 359
252, 375
228, 353
209, 382
189, 363
182, 338
206, 329
194, 320
171, 346
186, 357
174, 360
157, 359
147, 376
124, 371
111, 351
113, 349
120, 322
94, 314
117, 300
88, 305
104, 281
82, 282
76, 271
75, 250
71, 268
68, 269
92, 260
101, 283
106, 305
117, 306
105, 281
98, 277
91, 274
120, 298
106, 321
112, 318
136, 346
155, 338
132, 349
106, 331
119, 353
131, 358
151, 345
128, 330
133, 340
119, 334
129, 347
118, 338
122, 308
138, 318
136, 305
124, 314
106, 299
94, 274
98, 290
110, 269
105, 261
102, 277
93, 268
83, 242
96, 231
120, 205
148, 205
157, 226
165, 216
166, 218
186, 207
162, 193
142, 175
113, 194
93, 178
80, 207
64, 187
86, 182
93, 154
117, 126
142, 123
113, 133
87, 162
107, 192
85, 194
111, 213
82, 212
65, 238
60, 247
85, 265
110, 282
85, 289
70, 262
70, 279
82, 265
106, 288
92, 283
73, 273
93, 278
90, 288
77, 258
78, 255
99, 261
73, 231
96, 246
121, 239
146, 268
144, 245
130, 232
126, 240
141, 237
130, 214
159, 227
156, 203
179, 196
206, 197
179, 218
200, 206
179, 220
163, 191
137, 215
110, 205
130, 218
124, 199
129, 177
121, 160
105, 162
125, 175
135, 156
128, 158
147, 177
164, 157
180, 186
210, 162
236, 185
251, 170
228, 180
203, 151
209, 151
228, 165
202, 135
173, 142
178, 123
194, 116
196, 132
210, 141
198, 134
199, 145
190, 135
220, 151
239, 163
222, 161
208, 163
213, 167
240, 159
265, 167
268, 147
266, 166
253, 183
257, 164
275, 178
258, 156
255, 160
227, 163
255, 163
259, 153
286, 147
264, 147
274, 163
290, 155
296, 148
325, 153
340, 146
343, 150
354, 155
374, 141
351, 111
359, 130
376, 141
348, 138
342, 168
331, 140
357, 140
370, 146
352, 171
382, 144
384, 146
372, 138
355, 159
327, 147
313, 143
322, 161
345, 139
352, 115
367, 113
389, 143
363, 143
393, 134
367, 127
375, 135
394, 145
395, 165
417, 165
397, 176
384, 177
391, 170
403, 194
425, 199
408, 183
407, 201
406, 183
399, 163
403, 182
422, 201
400, 210
417, 232
406, 262
416, 262
418, 260
443, 250
437, 268
416, 260
424, 267
422, 271
449, 264
451, 250
459, 258
462, 280
468, 261
470, 253
499, 223
527, 216
510, 203
524, 176
509, 203
512, 210
504, 201
533, 192
561, 188
582, 176
599, 149
599, 125
594, 134
599, 157
599, 156
580, 158
551, 188
547, 217
568, 243
595, 217
599, 225
599, 210
599, 189
599, 205
579, 177
567, 188
572, 169
553, 182
540, 200
544, 180
531, 153
534, 167
507, 145
521, 150
534, 166
504, 138
499, 151
489, 133
510, 136
498, 150
528, 134
518, 135
501, 108
507, 122
507, 139
493, 147
512, 173
524, 157
527, 158
535, 172
524, 161
544, 156
523, 141
522, 150
543, 121
563, 107
562, 122
538, 126
513, 144
487, 133
469, 115
479, 133
454, 157
431, 172
418, 178
422, 188
446, 193
468, 179
466, 173
487, 162
498, 143
477, 159
477, 161
450, 131
432, 122
418, 149
413, 133
431, 136
404, 133
433, 123
453, 143
474, 159
453, 149
446, 163
442, 139
461, 151
454, 122
484, 104
466, 129
438, 157
432, 152
456, 165
434, 163
449, 166
451, 153
478, 150
489, 161
489, 143
478, 126
468, 118
487, 128
517, 101
505, 127
503, 115
479, 122
456, 116
485, 120
509, 97
506, 111
527, 98
542, 114
558, 87
575, 98
558, 96
528, 124
522, 137
516, 166
505, 176
521, 188
505, 204
484, 184
502, 159
504, 184
511, 171
491, 188
479, 176
493, 190
512, 204
537, 228
559, 223
539, 201
518, 212
504, 187
512, 162
536, 178
554, 202
524, 205
529, 179
505, 153
481, 161
452, 164
465, 173
472, 194
467, 216
495, 226
511, 209
540, 197
520, 201
502, 207
514, 235
517, 205
492, 205
497, 177
485, 158
478, 153
451, 159
426, 173
423, 147
399, 121
374, 150
358, 147
361, 129
391, 122
368, 115
374, 99
387, 122
417, 131
408, 161
381, 131
364, 115
374, 145
345, 142
324, 142
327, 120
334, 92
338, 97
311, 106
286, 103
267, 110
242, 105
254, 134
267, 142
252, 156
250, 145
271, 119
270, 114
268, 89
254, 100
233, 94
242, 66
224, 95
220, 99
238, 85
223, 115
239, 94
227, 88
197, 115
216, 92
193, 90
189, 89
163, 110
180, 100
190, 109
193, 133
199, 133
173, 140
176, 121
182, 136
207, 133
187, 114
176, 144
164, 149
172, 135
176, 144
200, 126
178, 124
178, 122
179, 145
149, 139
120, 137
130, 132
154, 116
139, 138
117, 141
94, 154
110, 155
112, 173
92, 202
74, 232
88, 217
74, 218
67, 199
86, 190
74, 215
74, 199
69, 182
77, 173
53, 153
71, 159
77, 168
97, 166
90, 157
72, 156
68, 142
92, 136
121, 125
99, 154
93, 176
94, 147
74, 159
98, 164
107, 167
77, 161
70, 175
95, 199
81, 227
64, 221
85, 203
106, 200
83, 193
103, 216
87, 228
73, 203
74, 178
93, 163
88, 168
86, 172
61, 168
62, 181
75, 193
85, 167
101, 153
124, 131
120, 133
137, 113
162, 110
183, 132
162, 114
159, 117
154, 135
172, 123
168, 150
194, 142
176, 116
188, 123
187, 122
201, 101
223, 111
247, 117
226, 100
198, 102
183, 100
183, 111
172, 138
171, 113
178, 113
167, 132
179, 118
198, 144
208, 153
209, 133
236, 112
206, 120
196, 126
223, 103
214, 107
226, 91
224, 117
211, 106
182, 129
182, 149
200, 149
186, 120
210, 147
194, 121
206, 141
197, 130
186, 152
157, 136
178, 163
161, 173
169, 162
144, 162
123, 185
134, 203
105, 217
113, 191
125, 162
104, 148
119, 150
129, 155
135, 167
109, 195
122, 180
145, 150
159, 122
179, 96
164, 113
179, 123
184, 140
172, 147
160, 136
162, 161
140, 145
160, 144
130, 174
100, 147
123, 152
116, 154
135, 155
107, 176
92, 166
115, 150
126, 125
115, 133
102, 155
105, 146
107, 176
125, 191
142, 195
144, 174
168, 169
161, 189
175, 174
151, 176
175, 175
161, 172
134, 175
107, 174
114, 182
139, 193
147, 179
147, 170
147, 197
142, 201
167, 201
174, 186
148, 156
145, 133
154, 122
174, 134
159, 131
164, 157
161, 186
171, 165
169, 183
147, 213
143, 240
152, 218
161, 208
174, 178
177, 195
153, 206
129, 226
126, 222
139, 197
168, 167
173, 193
175, 195
185, 181
186, 162
200, 149
223, 179
224, 187
230, 194
259, 219
234, 208
262, 184
249, 157
227, 162
237, 186
234, 183
227, 198
198, 168
190, 146
201, 134
173, 140
194, 134
183, 164
166, 193
188, 166
178, 157
203, 175
232, 166
248, 195
272, 197
295, 173
312, 158
322, 188
350, 158
326, 169
324, 178
334, 151
348, 152
333, 128
347, 119
362, 116
386, 130
387, 103
398, 122
423, 127
398, 103
402, 120
397, 99
368, 103
382, 121
354, 123
327, 153
313, 159
303, 183
306, 190
325, 193
336, 177
325, 169
300, 162
306, 149
326, 161
329, 137
323, 144
297, 132
281, 132
253, 130
247, 124
254, 113
284, 128
262, 146
244, 168
261, 155
284, 135
262, 157
262, 179
234, 202
225, 209
249, 179
275, 156
270, 154
249, 144
260, 154
271, 136
278, 166
302, 192
304, 222
322, 207
352, 199
361, 183
355, 170
350, 153
371, 155
361, 178
341, 148
359, 149
342, 123
346, 125
331, 135
336, 127
341, 121
313, 115
329, 132
334, 153
343, 171
352, 165
379, 172
391, 170
393, 197
409, 226
415, 205
445, 213
421, 201
436, 171
442, 174
425, 168
400, 183
380, 155
410, 180
437, 204
447, 185
424, 197
446, 192
454, 213
459, 228
472, 229
458, 243
458, 248
478, 267
475, 277
494, 271
465, 261
435, 256
432, 241
444, 269
467, 272
477, 259
459, 278
465, 274
467, 288
473, 266
466, 261
471, 250
478, 246
505, 223
510, 202
525, 189
496, 187
482, 173
496, 167
514, 161
507, 180
519, 197
507, 190
532, 189
529, 215
549, 201
554, 190
555, 216
560, 237
575, 244
570, 268
594, 254
586, 277
599, 249
582, 276
586, 304
599, 277
598, 259
599, 260
599, 268
599, 250
575, 242
546, 248
563, 264
552, 284
561, 289
570, 269
554, 290
579, 311
599, 324
599, 300
595, 295
599, 287
599, 273
583, 301
555, 303
552, 275
571, 294
558, 317
584, 287
567, 265
593, 247
571, 221
563, 237
544, 229
529, 226
523, 207
497, 178
503, 193
511, 199
490, 201
489, 216
482, 213
492, 205
488, 196
517, 179
516, 158
533, 135
508, 143
531, 128
516, 102
489, 127
516, 116
514, 92
526, 99
512, 95
533, 70
511, 51
536, 41
536, 26
566, 32
560, 7
552, 6
563, 27
590, 21
599, 26
584, 37
598, 47
590, 75
594, 48
569, 24
553, 26
528, 2
536, 6
521, 24
546, 50
566, 76
563, 94
581, 103
590, 113
565, 141
576, 155
559, 158
533, 128
528, 99
504, 92
521, 94
548, 106
578, 123
599, 135
585, 124
599, 118
594, 144
593, 115
599, 107
586, 113
588, 142
599, 135
599, 107
578, 83
593, 103
591, 114
599, 119
599, 104
599, 130
599, 146
599, 147
586, 117
599, 120
599, 139
599, 114
578, 106
554, 89
583, 77
589, 65
575, 68
576, 85
564, 88
536, 58
517, 43
518, 53
519, 49
510, 40
512, 24
509, 52
510, 54
492, 84
506, 92
534, 75
507, 46
506, 36
508, 54
490, 66
513, 91
509, 116
496, 138
477, 139
472, 128
452, 146
434, 162
430, 145
408, 128
399, 140
412, 134
391, 126
418, 105
444, 103
444, 114
423, 115
446, 136
433, 143
432, 169
445, 168
441, 164
426, 153
396, 144
370, 138
372, 168
347, 165
343, 185
348, 157
332, 183
353, 197
341, 216
353, 213
332, 229
361, 244
364, 217
334, 228
329, 257
356, 237
356, 215
350, 203
326, 183
307, 205
331, 197
309, 195
314, 171
298, 180
284, 210
310, 234
302, 230
305, 221
287, 211
299, 195
290, 223
317, 227
332, 233
310, 204
320, 185
345, 157
373, 171
365, 157
350, 173
335, 198
310, 192
320, 218
340, 246
360, 234
373, 242
350, 238
337, 223
323, 201
321, 221
333, 243
324, 229
294, 222
292, 205
274, 184
287, 165
289, 168
316, 165
320, 186
342, 172
342, 143
365, 162
390, 170
380, 188
380, 166
375, 153
377, 153
355, 137
357, 139
367, 147
373, 138
402, 156
401, 159
425, 143
434, 171
454, 180
479, 151
485, 134
457, 118
454, 94
476, 86
448, 106
452, 106
437, 127
444, 111
429, 118
430, 110
450, 103
432, 108
456, 127
444, 115
448, 122
459, 145
449, 138
468, 155
450, 176
429, 157
412, 186
409, 205
404, 198
424, 201
445, 217
435, 188
461, 194
445, 189
420, 199
405, 193
416, 198
443, 222
466, 242
491, 268
465, 272
445, 292
457, 277
468, 250
483, 254
470, 280
455, 302
430, 301
409, 289
395, 292
410, 303
429, 300
426, 303
428, 292
430, 320
419, 318
406, 297
388, 268
401, 293
388, 308
396, 311
406, 335
412, 333
387, 312
398, 284
392, 274
379, 269
363, 291
355, 287
361, 300
360, 302
356, 285
358, 289
380, 274
367, 252
347, 245
344, 238
316, 215
291, 228
275, 222
266, 200
261, 205
248, 195
235, 220
214, 196
192, 188
215, 217
195, 189
216, 196
225, 219
209, 230
182, 216
199, 192
171, 179
152, 174
175, 186
191, 163
177, 168
148, 161
162, 178
167, 205
187, 184
192, 182
210, 205
221, 191
226, 201
244, 193
228, 198
204, 181
208, 182
222, 199
214, 199
228, 221
234, 246
248, 258
274, 272
278, 285
269, 300
243, 270
273, 271
294, 299
297, 289
276, 264
281, 253
284, 270
269, 261
297, 263
272, 247
266, 267
240, 281
240, 280
242, 293
259, 299
244, 302
246, 314
276, 300
295, 319
298, 336
282, 350
259, 346
274, 326
293, 349
304, 322
296, 340
323, 323
328, 316
334, 286
334, 279
341, 294
359, 318
377, 292
374, 285
355, 310
344, 299
332, 293
344, 297
361, 268
369, 240
371, 216
380, 202
354, 220
363, 191
357, 199
341, 229
363, 244
344, 228
322, 227
310, 252
328, 267
302, 278
330, 276
303, 283
333, 292
351, 281
340, 282
343, 277
315, 296
289, 282
318, 290
297, 276
284, 274
297, 253
299, 269
270, 274
281, 285
252, 284
276, 307
273, 310
273, 320
294, 295
293, 307
267, 291
251, 316
262, 317
280, 287
278, 317
308, 292
311, 290
305, 271
285, 294
274, 313
294, 306
314, 297
326, 298
342, 268
342, 245
339, 218
334, 194
307, 213
291, 206
305, 217
333, 216
311, 233
307, 210
329, 181
334, 201
352, 210
359, 192
363, 197
367, 188
356, 206
383, 196
366, 207
383, 201
373, 230
388, 201
406, 196
385, 216
402, 246
389, 271
378, 242
371, 253
399, 232
407, 212
407, 201
395, 183
415, 196
433, 185
436, 199
425, 186
450, 175
459, 197
444, 179
433, 168
462, 151
471, 172
460, 174
487, 200
506, 179
494, 209
501, 190
503, 193
501, 183
483, 184
457, 157
482, 178
457, 186
479, 165
491, 189
465, 173
472, 166
466, 172
486, 194
491, 208
511, 227
504, 215
503, 236
497, 222
487, 218
495, 211
467, 232
489, 218
491, 248
462, 226
436, 227
425, 213
455, 221
472, 234
448, 259
435, 235
426, 234
452, 246
428, 224
424, 208
400, 193
415, 210
396, 230
389, 211
387, 198
411, 190
441, 197
430, 175
426, 174
425, 153
419, 175
447, 200
418, 201
406, 225
410, 251
381, 265
377, 270
352, 295
358, 310
388, 300
362, 293
363, 303
364, 305
355, 319
375, 326
377, 339
386, 311
375, 333
362, 324
379, 336
375, 359
372, 333
361, 326
373, 310
381, 288
367, 286
369, 296
376, 276
389, 251
378, 247
359, 228
343, 245
369, 271
373, 274
403, 255
424, 244
453, 264
434, 283
447, 298
450, 306
434, 320
435, 312
429, 296
426, 292
417, 289
445, 316
434, 293
434, 283
408, 282
421, 292
423, 305
453, 312
432, 313
431, 311
406, 300
413, 317
410, 327
413, 304
410, 325
440, 306
439, 287
411, 272
415, 296
406, 311
431, 298
405, 304
433, 291
452, 281
439, 297
458, 276
446, 260
426, 235
414, 218
426, 191
456, 185
466, 186
481, 160
485, 182
458, 178
457, 168
472, 192
461, 188
448, 198
466, 195
480, 183
471, 209
471, 202
447, 195
448, 224
445, 215
468, 237
495, 213
474, 221
457, 207
486, 209
462, 200
478, 221
455, 243
465, 268
450, 294
439, 285
467, 281
494, 261
518, 264
508, 262
526, 241
536, 215
550, 205
524, 206
516, 182
494, 166
515, 195
485, 207
474, 194
457, 197
482, 204
505, 205
519, 228
510, 252
522, 232
522, 209
501, 221
489, 243
472, 272
467, 289
479, 290
472, 261
491, 272
461, 283
485, 281
512, 294
487, 310
506, 295
510, 291
517, 309
527, 310
511, 280
495, 267
514, 247
531, 234
523, 249
517, 233
533, 250
514, 261
484, 291
497, 280
499, 308
528, 312
547, 321
570, 339
557, 348
538, 331
567, 348
581, 330
560, 331
550, 361
562, 344
541, 343
566, 361
590, 383
588, 389
570, 392
566, 367
571, 392
580, 390
596, 363
576, 339
575, 327
584, 353
599, 327
599, 349
576, 345
583, 363
557, 366
547, 342
565, 372
595, 343
578, 341
550, 359
552, 376
561, 404
549, 414
556, 431
547, 419
558, 411
534, 383
553, 399
540, 398
535, 400
535, 371
520, 354
516, 362
540, 380
551, 375
551, 372
555, 369
540, 342
547, 337
571, 328
541, 336
539, 354
541, 363
516, 341
507, 316
519, 314
537, 336
557, 366
577, 357
599, 336
599, 313
599, 312
571, 331
560, 336
568, 313
573, 313
561, 288
586, 273
599, 301
599, 281
599, 288
599, 283
599, 269
599, 297
599, 321
599, 292
579, 306
595, 317
568, 306
556, 328
562, 310
589, 307
594, 322
599, 338
599, 308
599, 326
599, 324
583, 322
561, 294
577, 282
570, 292
567, 266
579, 279
568, 283
578, 282
599, 267
599, 237
578, 229
573, 250
585, 264
596, 258
578, 244
578, 226
568, 234
597, 206
590, 176
599, 156
585, 140
599, 114
588, 121
599, 107
599, 102
591, 102
592, 81
589, 90
599, 98
595, 125
589, 134
599, 134
599, 124
599, 136
599, 166
599, 163
571, 173
561, 171
589, 160
567, 172
556, 176
582, 200
565, 196
572, 200
546, 189
530, 187
507, 181
525, 151
496, 174
516, 148
489, 176
493, 183
488, 210
493, 236
468, 240
489, 267
474, 281
468, 292
438, 310
433, 311
424, 284
435, 300
451, 305
469, 291
481, 276
496, 247
509, 236
537, 259
556, 233
561, 246
580, 266
560, 275
556, 250
546, 251
561, 226
549, 204
572, 179
542, 189
535, 189
509, 167
536, 140
565, 123
593, 109
572, 111
556, 87
581, 105
557, 131
546, 151
516, 135
503, 126
515, 107
532, 124
517, 132
515, 147
516, 177
506, 167
492, 145
463, 148
489, 142
474, 168
466, 154
495, 147
525, 128
553, 121
525, 103
499, 74
499, 94
485, 75
489, 92
485, 108
495, 120
521, 107
529, 89
533, 104
509, 118
484, 88
495, 79
475, 85
452, 111
436, 133
461, 131
446, 156
455, 169
456, 197
442, 212
430, 236
414, 257
426, 263
419, 234
404, 227
392, 230
403, 203
423, 224
428, 214
408, 244
432, 254
450, 251
464, 269
472, 259
479, 260
482, 266
461, 265
472, 282
496, 303
488, 286
507, 316
517, 314
530, 339
548, 351
536, 327
520, 308
535, 286
524, 278
511, 260
539, 230
518, 233
488, 223
505, 253
495, 230
511, 238
509, 241
534, 219
538, 237
510, 256
498, 272
477, 294
487, 265
467, 249
481, 253
488, 277
476, 297
467, 296
490, 286
505, 304
531, 328
546, 355
533, 329
560, 353
534, 345
533, 346
511, 338
539, 313
548, 314
528, 314
517, 288
543, 296
523, 303
532, 275
519, 276
534, 276
531, 252
516, 223
508, 218
506, 202
477, 229
470, 200
492, 202
518, 214
512, 224
525, 235
540, 226
559, 246
539, 228
521, 219
503, 226
479, 202
497, 198
501, 178
481, 153
494, 158
491, 153
466, 147
496, 167
492, 177
493, 207
489, 224
513, 225
486, 238
495, 212
479, 195
485, 171
469, 186
498, 169
511, 186
519, 188
496, 215
471, 232
478, 260
448, 260
427, 269
450, 254
456, 264
443, 270
458, 258
459, 263
485, 251
510, 233
493, 204
479, 225
469, 252
462, 275
442, 286
418, 298
392, 315
369, 299
342, 279
366, 255
371, 232
354, 260
353, 255
332, 281
359, 302
356, 311
351, 324
381, 326
380, 299
399, 328
408, 306
394, 307
389, 334
359, 322
364, 348
335, 330
321, 358
309, 330
323, 345
323, 333
352, 324
324, 349
327, 322
317, 298
313, 304
297, 285
279, 281
282, 264
269, 290
269, 269
247, 258
240, 243
233, 216
205, 242
220, 212
231, 209
247, 210
265, 198
295, 200
290, 201
279, 183
296, 173
277, 202
297, 225
284, 221
302, 192
323, 197
303, 207
289, 181
263, 186
236, 188
223, 202
234, 205
220, 198
249, 228
273, 199
249, 183
240, 184
256, 171
228, 148
258, 147
277, 136
249, 145
251, 157
233, 179
203, 153
233, 131
243, 121
240, 110
253, 134
230, 116
238, 125
262, 146
261, 161
270, 169
276, 181
257, 156
250, 162
252, 144
257, 144
261, 163
260, 138
290, 133
266, 103
241, 132
213, 102
186, 104
170, 115
175, 110
205, 118
231, 120
254, 139
277, 143
271, 128
252, 145
275, 151
289, 153
318, 157
288, 153
284, 160
301, 176
278, 201
271, 186
279, 207
272, 230
277, 256
274, 257
257, 238
245, 228
228, 212
237, 190
207, 195
215, 168
218, 189
240, 205
262, 196
232, 204
256, 199
271, 208
245, 213
262, 199
287, 227
273, 199
262, 195
254, 171
259, 198
278, 217
275, 203
302, 219
302, 203
282, 181
281, 177
261, 206
285, 211
306, 183
333, 209
338, 187
318, 184
319, 196
321, 225
317, 248
327, 248
325, 232
338, 244
354, 234
331, 237
303, 210
291, 200
291, 216
303, 224
313, 225
320, 252
323, 222
301, 218
272, 210
291, 188
269, 203
241, 197
214, 187
207, 167
205, 175
222, 162
219, 185
194, 159
164, 138
140, 145
163, 136
162, 130
176, 122
191, 118
172, 141
178, 153
165, 148
195, 172
215, 181
222, 208
217, 205
189, 234
205, 207
211, 182
226, 157
237, 172
214, 195
195, 209
207, 193
225, 180
226, 194
231, 213
244, 228
253, 205
272, 215
298, 228
292, 230
295, 201
278, 183
308, 196
282, 173
287, 143
296, 121
286, 150
286, 162
278, 182
256, 171
276, 176
285, 172
312, 175
306, 151
318, 160
334, 181
327, 210
349, 226
367, 239
377, 250
351, 266
348, 293
348, 292
366, 291
356, 262
384, 255
390, 257
387, 249
407, 232
408, 253
403, 228
406, 212
379, 194
356, 194
343, 187
331, 190
338, 172
365, 160
346, 176
357, 161
357, 162
369, 154
368, 144
362, 148
382, 138
380, 115
358, 144
361, 168
366, 193
383, 171
398, 157
403, 142
430, 165
436, 163
412, 175
410, 154
381, 124
360, 124
380, 144
376, 136
380, 150
386, 135
362, 163
389, 144
388, 135
396, 164
401, 190
394, 204
392, 211
376, 219
375, 189
350, 208
359, 205
385, 208
365, 190
382, 161
397, 158
373, 142
367, 147
365, 173
379, 146
362, 164
370, 174
373, 160
357, 190
373, 165
355, 139
375, 168
363, 180
391, 194
375, 181
376, 157
352, 128
372, 116
390, 142
361, 164
354, 159
345, 159
346, 163
342, 170
334, 196
345, 212
347, 222
328, 209
318, 182
293, 176
292, 155
305, 156
309, 176
328, 155
348, 167
355, 137
344, 129
339, 120
331, 138
344, 120
356, 121
370, 108
363, 125
385, 119
407, 96
396, 126
407, 115
379, 132
400, 106
405, 101
429, 119
437, 119
452, 108
474, 135
469, 162
491, 181
491, 194
513, 215
495, 241
507, 218
507, 208
490, 181
467, 187
486, 158
471, 163
497, 185
496, 179
515, 206
524, 208
547, 219
544, 228
569, 205
560, 196
558, 174
539, 161
557, 187
547, 195
553, 168
576, 167
599, 176
596, 204
571, 221
566, 235
578, 248
563, 247
567, 235
585, 208
597, 194
592, 217
576, 204
583, 178
562, 200
555, 183
544, 170
558, 141
533, 143
543, 152
561, 179
572, 209
599, 214
599, 223
599, 244
575, 255
578, 234
563, 214
541, 226
535, 215
523, 189
503, 169
489, 149
504, 155
474, 136
453, 112
437, 117
415, 109
414, 118
412, 114
388, 97
382, 112
372, 134
379, 130
384, 111
370, 125
375, 146
361, 169
351, 181
359, 166
361, 178
384, 182
375, 204
346, 221
363, 238
358, 216
344, 204
333, 215
347, 228
341, 211
360, 211
331, 217
341, 200
338, 213
315, 208
322, 180
321, 204
301, 187
285, 188
301, 173
323, 181
337, 158
332, 143
309, 113
297, 107
300, 102
320, 73
298, 82
302, 80
330, 98
323, 101
326, 117
354, 135
353, 165
367, 136
372, 123
358, 128
367, 156
363, 183
346, 203
346, 208
332, 237
356, 252
370, 228
358, 198
353, 204
347, 210
318, 196
334, 224
309, 206
313, 182
302, 152
303, 179
290, 152
278, 177
304, 148
283, 121
307, 121
284, 144
309, 169
306, 149
287, 166
267, 190
238, 182
244, 189
222, 194
244, 194
245, 179
245, 174
263, 200
238, 201
210, 185
201, 179
223, 204
223, 212
242, 242
252, 233
230, 250
246, 236
222, 247
226, 269
206, 250
232, 269
253, 267
240, 266
210, 260
218, 248
212, 231
239, 238
234, 252
224, 262
201, 253
195, 274
191, 271
195, 253
224, 233
241, 207
218, 213
217, 200
229, 188
230, 208
250, 188
277, 179
256, 183
231, 173
261, 154
272, 155
273, 167
264, 193
286, 213
268, 199
245, 226
259, 230
255, 231
273, 207
257, 183
235, 178
246, 168
269, 141
261, 164
277, 160
259, 169
287, 142
284, 148
311, 150
303, 128
298, 141
312, 167
288, 176
285, 157
271, 133
289, 108
299, 114
280, 114
298, 118
293, 132
263, 120
249, 102
272, 103
257, 109
245, 120
237, 143
238, 127
239, 140
259, 120
285, 107
283, 115
265, 117
239, 94
240, 99
261, 126
270, 127
257, 149
243, 143
260, 155
282, 128
265, 142
244, 156
223, 149
210, 175
240, 170
235, 149
257, 154
286, 144
274, 115
295, 112
311, 120
335, 147
356, 161
345, 136
336, 130
348, 118
346, 112
316, 113
335, 101
353, 97
357, 102
328, 129
340, 151
365, 136
366, 113
345, 94
326, 91
306, 82
293, 91
298, 116
301, 96
314, 90
313, 93
286, 98
287, 72
272, 98
255, 123
241, 95
230, 113
251, 86
259, 87
232, 108
225, 100
227, 88
200, 96
229, 99
249, 118
221, 131
228, 153
203, 130
225, 104
203, 132
197, 155
187, 126
179, 104
176, 99
178, 87
182, 110
204, 139
211, 154
185, 155
213, 157
232, 180
213, 152
243, 132
248, 128
248, 150
270, 124
286, 126
314, 113
317, 134
287, 108
277, 128
251, 126
274, 101
289, 86
310, 106
332, 130
333, 111
353, 127
371, 157
380, 181
356, 178
363, 200
340, 197
342, 210
342, 227
322, 215
351, 236
376, 232
390, 221
394, 224
395, 210
389, 223
418, 231
426, 255
446, 270
467, 262
445, 264
468, 257
440, 268
444, 240
466, 235
450, 243
457, 231
464, 250
452, 258
465, 239
471, 237
473, 235
451, 243
437, 231
427, 237
406, 233
384, 207
392, 228
363, 216
352, 217
347, 232
360, 216
369, 202
393, 184
420, 158
421, 181
436, 185
447, 167
422, 144
422, 119
440, 113
441, 129
448, 109
472, 90
500, 107
474, 102
463, 116
479, 111
494, 112
479, 93
508, 100
521, 70
535, 75
528, 104
546, 94
571, 67
574, 83
574, 73
547, 81
541, 101
528, 121
498, 102
480, 124
469, 143
456, 155
436, 132
462, 133
463, 125
445, 137
422, 136
445, 139
423, 133
442, 117
463, 114
491, 136
515, 110
536, 115
511, 128
487, 132
466, 152
485, 176
499, 149
498, 149
523, 134
496, 140
474, 145
447, 139
445, 152
432, 128
461, 156
483, 155
483, 162
513, 189
484, 171
484, 154
492, 170
515, 191
513, 172
484, 199
485, 199
479, 227
483, 253
503, 258
482, 277
495, 260
486, 279
508, 255
530, 252
525, 224
521, 248
493, 254
478, 224
494, 204
467, 200
495, 185
493, 164
501, 178
527, 176
547, 154
533, 178
537, 150
516, 148
512, 125
488, 119
493, 125
464, 122
450, 127
468, 154
438, 146
455, 132
425, 130
425, 143
395, 148
367, 150
386, 175
404, 153
418, 173
440, 174
440, 180
432, 166
412, 159
420, 166
433, 193
453, 205
451, 211
421, 237
438, 214
446, 196
438, 202
445, 208
422, 215
421, 212
398, 209
377, 193
355, 220
339, 192
346, 206
347, 192
325, 192
355, 207
349, 188
376, 178
350, 177
333, 160
335, 174
314, 202
343, 207
322, 201
299, 172
306, 150
282, 162
286, 139
295, 128
278, 116
281, 105
298, 88
298, 88
268, 101
251, 110
266, 84
236, 89
213, 92
197, 119
209, 132
184, 119
185, 124
158, 129
173, 119
174, 110
147, 135
151, 121
142, 151
121, 155
136, 173
153, 196
179, 184
201, 157
189, 130
215, 141
185, 127
205, 155
184, 133
178, 123
205, 112
233, 118
203, 134
186, 108
214, 135
221, 163
231, 135
252, 146
257, 135
262, 160
262, 150
273, 124
244, 129
255, 121
276, 100
254, 89
267, 100
290, 96
268, 71
243, 76
252, 98
276, 92
284, 84
275, 111
289, 118
306, 125
287, 142
267, 170
249, 154
222, 127
202, 145
219, 132
232, 148
224, 154
243, 160
263, 140
273, 156
253, 174
260, 159
238, 157
242, 149
253, 149
277, 122
262, 135
251, 117
248, 92
245, 98
243, 96
249, 119
245, 126
259, 115
271, 122
259, 146
273, 172
301, 176
301, 199
329, 191
331, 209
356, 237
349, 221
326, 216
315, 193
345, 181
373, 191
391, 175
417, 190
430, 209
439, 216
467, 192
484, 202
504, 181
487, 209
485, 195
464, 170
477, 195
479, 179
506, 206
492, 189
514, 194
507, 173
499, 164
487, 157
493, 160
520, 188
550, 163
580, 183
599, 154
599, 124
593, 147
599, 154
599, 149
591, 159
569, 186
556, 182
559, 172
543, 171
572, 175
544, 151
515, 132
498, 119
522, 136
511, 142
507, 114
498, 89
491, 116
474, 107
447, 102
469, 119
471, 114
490, 89
491, 88
495, 101
518, 95
544, 118
549, 134
546, 134
529, 154
505, 150
488, 149
505, 135
527, 160
537, 147
544, 130
517, 106
493, 89
491, 77
483, 97
479, 102
459, 126
478, 151
475, 167
450, 170
468, 151
474, 137
461, 146
475, 171
484, 187
479, 201
459, 219
447, 201
460, 175
443, 177
413, 205
416, 221
410, 232
396, 232
424, 254
447, 228
477, 232
470, 222
446, 246
447, 261
424, 258
409, 251
418, 262
413, 278
435, 304
441, 300
434, 289
413, 319
440, 292
420, 322
422, 308
445, 299
440, 285
418, 279
420, 305
399, 327
380, 345
369, 369
348, 346
356, 342
347, 338
351, 328
342, 324
369, 311
377, 294
351, 280
366, 310
385, 288
389, 258
366, 239
360, 209
386, 223
383, 224
413, 211
396, 231
382, 244
386, 249
373, 244
372, 260
372, 261
372, 279
366, 308
350, 291
331, 265
303, 256
282, 241
293, 257
302, 239
321, 217
307, 228
327, 212
328, 188
345, 203
321, 181
346, 170
338, 173
343, 168
363, 158
370, 147
343, 161
350, 143
352, 137
324, 144
313, 115
307, 112
331, 132
334, 110
320, 89
309, 114
304, 132
278, 145
284, 142
266, 142
236, 163
220, 142
243, 168
241, 175
271, 205
273, 209
269, 213
295, 239
289, 224
282, 224
308, 195
282, 219
252, 240
275, 260
262, 273
265, 281
236, 253
249, 260
279, 261
267, 273
264, 280
239, 306
260, 298
260, 284
246, 288
238, 286
267, 316
257, 286
233, 284
243, 290
240, 277
263, 305
274, 315
286, 306
261, 305
262, 297
272, 302
264, 323
277, 345
249, 363
275, 335
257, 331
247, 356
236, 361
213, 387
236, 358
206, 357
216, 338
216, 337
203, 346
217, 340
213, 350
208, 323
234, 323
217, 342
237, 355
209, 361
236, 380
227, 359
204, 366
186, 352
188, 355
182, 376
180, 346
204, 352
193, 356
215, 355
204, 327
200, 323
211, 315
202, 316
173, 338
202, 363
223, 335
225, 334
229, 364
214, 385
235, 355
255, 339
273, 331
250, 324
262, 305
260, 308
251, 320
253, 337
251, 363
254, 360
250, 362
229, 332
241, 312
264, 282
256, 259
275, 240
303, 261
279, 283
265, 310
267, 304
264, 285
240, 293
219, 273
228, 283
247, 293
246, 285
240, 302
237, 291
263, 270
243, 273
252, 271
224, 246
227, 229
203, 255
186, 263
184, 274
178, 266
148, 282
157, 287
130, 269
148, 246
157, 263
134, 238
129, 218
151, 224
141, 253
154, 269
176, 256
169, 259
164, 277
193, 247
165, 242
150, 239
120, 269
121, 279
124, 278
117, 283
105, 270
126, 265
121, 292
96, 263
126, 281
102, 281
102, 264
81, 280
89, 292
119, 283
123, 293
138, 295
144, 275
151, 246
140, 222
157, 210
152, 195
171, 182
201, 181
223, 210
212, 227
241, 197
234, 173
222, 198
203, 197
228, 195
230, 212
251, 211
225, 194
226, 189
237, 167
208, 144
187, 135
163, 113
136, 116
163, 131
177, 124
187, 124
161, 146
153, 143
174, 131
185, 113
195, 114
220, 138
234, 127
251, 107
222, 81
195, 97
198, 115
209, 145
228, 160
247, 176
227, 151
203, 180
218, 188
196, 185
183, 188
206, 178
202, 180
201, 205
230, 223
221, 218
193, 231
167, 206
161, 222
190, 245
209, 238
208, 229
232, 210
230, 183
221, 211
241, 197
242, 212
216, 217
228, 247
247, 251
277, 229
307, 234
318, 226
342, 234
351, 249
373, 252
384, 261
374, 234
365, 258
348, 275
355, 304
349, 282
339, 305
347, 332
356, 329
332, 317
320, 291
305, 263
277, 256
264, 248
265, 269
253, 262
259, 291
285, 264
281, 264
256, 263
264, 261
236, 257
264, 260
282, 290
273, 267
287, 262
273, 286
256, 261
229, 278
252, 252
242, 225
246, 211
236, 185
254, 199
281, 174
290, 203
305, 221
323, 193
341, 223
338, 194
316, 191
338, 191
365, 182
344, 208
319, 204
295, 220
286, 239
258, 209
272, 184
268, 161
291, 171
299, 163
327, 169
340, 165
327, 189
320, 189
338, 215
331, 212
353, 210
340, 189
359, 185
353, 185
331, 184
328, 180
346, 183
333, 205
355, 235
352, 249
356, 238
370, 215
365, 214
363, 210
359, 216
331, 198
319, 210
345, 194
344, 204
333, 231
353, 227
336, 228
359, 217
329, 209
359, 202
339, 198
332, 185
355, 191
330, 183
301, 157
273, 151
249, 176
270, 148
274, 118
272, 134
259, 134
250, 118
263, 112
251, 95
244, 80
242, 109
229, 103
203, 98
231, 68
209, 56
222, 78
197, 72
194, 78
209, 104
218, 98
188, 90
160, 107
187, 94
165, 116
147, 142
144, 119
152, 110
176, 120
163, 132
166, 160
166, 173
163, 175
145, 187
132, 189
149, 217
144, 233
173, 260
169, 240
189, 264
189, 252
175, 261
203, 246
228, 251
231, 281
254, 271
273, 289
245, 307
252, 326
274, 336
279, 324
249, 313
245, 290
270, 289
257, 295
269, 284
274, 279
256, 270
235, 250
225, 236
235, 214
236, 190
235, 182
229, 170
219, 186
228, 208
212, 197
198, 180
193, 169
169, 181
167, 154
182, 177
190, 174
181, 194
164, 198
156, 227
140, 245
169, 246
191, 254
198, 257
198, 286
225, 308
226, 285
244, 256
252, 233
269, 213
269, 233
250, 230
224, 260
247, 257
267, 281
264, 280
249, 267
251, 282
245, 265
253, 261
253, 274
257, 247
281, 235
267, 222
288, 243
261, 269
253, 267
283, 267
311, 240
300, 249
296, 252
303, 275
298, 304
277, 330
259, 332
255, 333
227, 313
218, 296
191, 308
194, 300
218, 277
203, 270
220, 286
211, 259
218, 231
195, 201
196, 217
208, 234
237, 264
244, 276
254, 270
242, 268
259, 259
276, 288
253, 264
245, 276
231, 255
221, 282
236, 264
243, 282
218, 303
218, 303
223, 331
204, 331
226, 347
198, 355
226, 345
253, 323
267, 353
287, 354
271, 356
282, 375
310, 348
289, 371
298, 348
309, 348
304, 332
305, 356
320, 333
290, 344
265, 370
240, 397
246, 425
220, 398
208, 380
202, 354
227, 336
242, 317
262, 300
265, 277
271, 260
293, 273
315, 278
325, 277
322, 266
339, 241
321, 214
319, 191
344, 161
371, 145
382, 129
376, 142
397, 154
400, 165
388, 155
395, 183
379, 209
402, 189
389, 163
363, 189
376, 186
352, 162
362, 141
353, 153
354, 177
344, 164
365, 139
347, 112
344, 123
342, 100
340, 116
333, 112
359, 122
371, 126
363, 112
376, 110
399, 125
402, 135
389, 157
385, 148
389, 178
415, 189
432, 199
425, 194
447, 167
476, 143
456, 162
440, 164
435, 162
408, 143
422, 127
418, 120
388, 94
367, 100
339, 98
367, 116
374, 140
355, 123
382, 124
372, 139
380, 129
379, 113
367, 122
354, 105
360, 122
372, 109
394, 132
387, 151
375, 138
345, 141
323, 137
327, 119
335, 142
351, 158
364, 136
346, 122
375, 97
402, 101
372, 109
390, 109
396, 87
420, 75
398, 96
428, 103
400, 105
387, 115
396, 118
412, 123
394, 117
398, 126
370, 132
347, 124
373, 147
400, 176
385, 191
379, 162
377, 184
386, 185
371, 205
396, 183
393, 179
400, 202
417, 176
388, 181
383, 198
378, 196
366, 209
364, 235
372, 261
400, 284
412, 261
409, 250
420, 222
390, 218
394, 240
368, 213
352, 206
342, 199
369, 201
382, 176
369, 176
344, 190
357, 203
380, 186
355, 204
360, 199
352, 211
354, 206
360, 222
339, 238
341, 267
323, 273
344, 265
359, 260
345, 251
322, 262
316, 257
340, 263
347, 247
375, 255
401, 234
386, 234
358, 236
364, 238
344, 226
326, 208
301, 197
313, 220
289, 213
302, 219
327, 189
327, 182
305, 188
287, 199
260, 196
255, 217
262, 202
266, 229
247, 228
234, 201
204, 194
184, 165
167, 185
173, 178
160, 194
169, 224
157, 217
154, 221
167, 200
159, 182
142, 202
120, 225
131, 207
107, 178
85, 154
69, 141
72, 132
45, 147
29, 162
41, 158
21, 138
17, 130
44, 126
33, 111
14, 136
41, 115
55, 116
80, 125
77, 141
89, 122
113, 149
128, 167
100, 162
110, 141
136, 147
108, 163
134, 135
162, 127
153, 123
152, 117
166, 100
188, 115
211, 137
212, 107
193, 107
208, 103
201, 86
186, 91
157, 120
162, 148
143, 147
152, 128
180, 145
159, 154
146, 139
126, 148
149, 161
170, 139
199, 144
215, 156
227, 144
200, 122
202, 133
188, 131
203, 135
224, 160
233, 185
224, 210
222, 184
225, 208
231, 194
217, 198
215, 197
243, 216
218, 211
227, 209
244, 192
250, 205
258, 183
239, 192
245, 201
256, 231
281, 209
309, 223
293, 229
293, 233
298, 215
315, 205
310, 221
323, 228
299, 236
280, 244
260, 222
235, 237
264, 213
261, 216
249, 230
251, 202
268, 184
252, 164
264, 171
240, 177
240, 156
258, 146
254, 162
229, 148
226, 144
242, 149
252, 155
229, 141
243, 169
249, 157
251, 137
241, 166
246, 156
276, 186
269, 193
262, 172
285, 150
289, 152
261, 159
254, 131
224, 129
236, 100
211, 119
233, 145
229, 159
233, 170
244, 196
249, 173
224, 183
215, 170
223, 192
243, 170
242, 162
212, 138
182, 165
199, 136
214, 127
201, 144
211, 165
182, 138
201, 151
197, 125
197, 135
196, 142
173, 130
182, 104
208, 89
183, 80
188, 79
182, 88
171, 113
145, 127
156, 134
153, 151
137, 136
152, 111
181, 112
176, 109
200, 100
204, 104
195, 115
203, 120
179, 142
159, 160
161, 155
185, 167
188, 180
210, 194
210, 180
213, 150
241, 129
211, 134
237, 116
241, 133
256, 125
262, 136
274, 126
274, 130
284, 158
281, 138
296, 154
269, 136
263, 152
274, 163
293, 163
272, 137
297, 149
279, 135
262, 121
269, 129
256, 136
275, 153
280, 175
251, 203
231, 197
237, 208
208, 186
187, 171
168, 189
192, 179
177, 160
183, 185
212, 164
216, 140
243, 158
262, 187
264, 204
234, 181
231, 197
252, 170
246, 141
219, 154
214, 165
208, 172
185, 164
175, 173
182, 194
168, 165
184, 159
154, 164
125, 138
127, 139
139, 131
136, 144
136, 131
127, 135
105, 132
116, 159
139, 159
167, 146
159, 165
141, 178
161, 167
163, 163
187, 164
171, 178
155, 193
140, 220
146, 200
144, 205
135, 223
124, 226
99, 241
125, 217
110, 220
123, 250
94, 239
95, 232
114, 214
99, 223
69, 223
69, 232
89, 228
68, 201
71, 212
61, 237
60, 218
70, 198
87, 177
72, 171
63, 174
90, 144
84, 135
65, 160
85, 143
66, 138
45, 167
68, 160
93, 176
74, 201
95, 204
104, 195
80, 194
100, 184
97, 156
85, 156
98, 150
122, 137
150, 124
178, 152
177, 176
190, 180
160, 165
154, 165
158, 142
156, 137
179, 155
167, 157
152, 128
125, 143
131, 143
114, 140
115, 146
105, 160
92, 152
76, 175
86, 164
98, 176
95, 183
83, 171
93, 176
68, 161
72, 179
45, 168
41, 165
27, 137
22, 151
42, 158
38, 142
16, 121
5, 151
28, 145
9, 170
31, 141
11, 138
34, 145
10, 151
24, 138
14, 110
11, 131
21, 114
27, 128
32, 151
37, 136
56, 155
61, 179
90, 188
79, 176
105, 165
84, 144
78, 157
77, 156
75, 185
82, 167
86, 164
103, 164
111, 189
123, 171
144, 147
145, 160
169, 184
159, 191
154, 215
179, 230
166, 233
142, 232
163, 211
175, 240
148, 240
129, 235
109, 245
86, 249
91, 251
90, 233
76, 242
54, 242
65, 254
79, 232
62, 246
64, 276
74, 298
102, 315
99, 312
121, 315
121, 319
114, 291
114, 304
94, 308
85, 280
96, 308
70, 281
62, 262
48, 274
53, 273
71, 246
69, 230
86, 219
76, 220
92, 246
106, 233
113, 241
124, 247
137, 226
163, 205
141, 213
114, 234
110, 261
107, 276
85, 251
86, 266
113, 275
118, 247
95, 273
110, 290
86, 299
116, 310
93, 304
121, 289
103, 316
118, 317
90, 296
97, 278
87, 269
107, 268
123, 252
126, 268
115, 280
110, 254
94, 237
83, 267
67, 245
62, 250
66, 250
85, 262
72, 270
79, 240
52, 245
32, 254
61, 242
80, 264
98, 258
89, 244
65, 239
84, 253
87, 228
70, 216
77, 228
82, 230
79, 234
76, 263
47, 264
69, 234
82, 210
92, 201
87, 203
71, 216
77, 233
56, 210
83, 238
67, 224
59, 219
72, 201
63, 230
71, 246
42, 219
33, 221
55, 217
61, 190
64, 193
44, 172
70, 201
80, 202
66, 172
58, 191
45, 198
21, 174
45, 167
38, 156
60, 142
85, 161
106, 136
92, 155
119, 136
145, 125
136, 153
164, 178
156, 201
153, 211
163, 191
179, 210
206, 206
198, 219
227, 200
213, 201
190, 181
189, 201
166, 185
175, 162
157, 143
171, 163
175, 154
175, 172
195, 184
173, 167
171, 195
153, 221
143, 251
149, 238
154, 260
170, 245
191, 273
182, 258
193, 247
208, 269
209, 267
209, 263
198, 242
194, 228
216, 227
188, 230
195, 242
210, 233
237, 204
260, 208
245, 210
215, 182
211, 206
203, 188
183, 204
166, 189
187, 166
195, 158
177, 187
190, 202
167, 228
142, 231
117, 201
113, 188
141, 172
156, 163
152, 172
151, 152
160, 141
137, 119
144, 111
149, 104
169, 104
150, 120
160, 128
155, 108
158, 113
177, 137
192, 108
222, 79
210, 71
180, 76
150, 82
160, 86
182, 109
201, 105
200, 78
180, 53
181, 73
162, 94
186, 97
180, 109
172, 121
195, 144
202, 166
207, 148
237, 138
238, 143
221, 148
204, 160
186, 140
204, 111
234, 123
227, 140
201, 140
203, 125
227, 146
213, 148
197, 119
167, 148
181, 162
160, 172
150, 156
140, 172
140, 193
154, 191
169, 181
195, 172
203, 149
196, 145
194, 139
170, 122
156, 107
170, 92
144, 118
160, 113
159, 115
136, 122
114, 132
140, 160
135, 182
144, 194
140, 166
130, 136
155, 134
181, 147
164, 138
159, 118
183, 101
213, 86
207, 94
233, 86
240, 109
255, 83
260, 78
264, 69
286, 87
296, 112
325, 125
296, 141
316, 139
315, 109
325, 89
337, 105
330, 131
322, 157
335, 127
306, 134
334, 130
320, 100
301, 99
318, 111
341, 114
333, 106
363, 93
392, 101
413, 98
425, 114
397, 107
368, 117
382, 145
401, 170
396, 193
399, 176
417, 167
401, 167
389, 194
394, 194
381, 206
391, 183
394, 188
366, 212
374, 198
399, 194
395, 213
425, 239
445, 225
447, 198
424, 200
421, 204
449, 225
442, 220
457, 230
466, 258
481, 238
498, 209
524, 188
537, 181
532, 207
559, 200
587, 196
599, 188
569, 178
543, 198
517, 211
526, 182
506, 193
489, 183
476, 199
485, 175
463, 168
437, 177
446, 192
455, 194
464, 205
478, 223
499, 240
471, 211
472, 219
501, 217
495, 207
491, 187
462, 172
449, 202
437, 203
433, 214
435, 231
440, 250
459, 246
458, 252
441, 247
440, 264
432, 236
416, 239
439, 261
434, 268
410, 256
385, 249
374, 242
359, 270
340, 252
348, 250
341, 278
343, 308
332, 298
325, 305
311, 300
324, 317
335, 333
321, 314
338, 341
333, 351
323, 322
318, 347
314, 331
335, 360
324, 344
317, 327
322, 300
335, 323
350, 312
349, 291
359, 287
349, 278
366, 258
340, 258
363, 234
372, 233
361, 236
373, 211
360, 200
379, 211
401, 183
393, 156
410, 128
392, 114
412, 117
406, 122
428, 137
439, 140
437, 138
419, 108
435, 119
455, 124
438, 151
460, 180
487, 196
466, 190
490, 185
476, 165
478, 150
470, 149
495, 122
523, 92
525, 95
525, 103
546, 88
547, 114
547, 97
567, 110
596, 132
599, 155
594, 147
590, 118
599, 114
599, 144
599, 149
599, 161
596, 188
588, 164
595, 151
599, 153
595, 167
599, 191
599, 165
590, 143
587, 126
574, 111
570, 108
558, 104
573, 77
575, 56
579, 49
575, 46
551, 67
571, 42
543, 60
570, 49
583, 54
553, 79
540, 85
528, 78
517, 64
539, 66
511, 81
537, 90
559, 106
530, 108
520, 98
537, 70
544, 71
538, 93
554, 83
564, 107
535, 111
515, 103
525, 104
548, 134
538, 149
518, 125
522, 136
519, 127
512, 138
510, 147
510, 156
510, 136
511, 116
509, 90
497, 82
467, 80
445, 107
467, 84
466, 93
488, 110
503, 139
492, 140
500, 112
512, 102
530, 120
526, 118
526, 104
555, 112
534, 87
543, 84
563, 103
550, 101
562, 107
565, 112
554, 118
568, 141
554, 140
546, 152
555, 155
572, 152
585, 139
568, 121
538, 125
565, 127
553, 114
533, 89
542, 74
549, 75
554, 82
535, 77
559, 69
570, 78
591, 58
576, 42
564, 64
552, 63
542, 50
555, 80
548, 58
528, 29
515, 59
519, 72
500, 93
511, 116
485, 91
498, 113
517, 132
495, 137
466, 164
478, 191
484, 212
494, 198
486, 179
486, 150
485, 166
501, 153
516, 124
525, 119
530, 101
503, 75
525, 78
521, 71
492, 55
477, 83
458, 93
479, 87
491, 86
484, 72
489, 68
513, 94
483, 79
476, 96
448, 112
475, 113
445, 140
428, 124
442, 116
465, 125
451, 141
435, 139
418, 124
395, 123
419, 120
413, 145
436, 126
422, 113
451, 138
432, 138
420, 130
413, 147
388, 160
390, 138
413, 162
423, 162
397, 177
375, 176
346, 182
339, 197
338, 218
338, 227
329, 230
351, 254
367, 259
357, 277
375, 288
358, 306
368, 294
355, 301
341, 287
370, 285
386, 261
400, 271
371, 301
342, 306
343, 288
339, 292
353, 262
372, 251
367, 279
389, 303
363, 300
393, 314
377, 323
402, 310
408, 330
420, 317
419, 338
390, 346
416, 332
400, 311
385, 305
356, 275
334, 287
350, 259
331, 253
322, 262
294, 264
307, 283
295, 263
300, 277
278, 285
289, 300
266, 320
250, 324
277, 316
299, 330
320, 310
347, 320
368, 307
378, 284
404, 280
379, 271
389, 278
410, 307
434, 306
445, 282
448, 289
465, 273
472, 277
480, 254
482, 252
473, 279
458, 301
449, 294
458, 301
435, 276
439, 293
419, 286
423, 258
404, 259
387, 253
411, 267
426, 263
417, 292
432, 286
403, 305
390, 325
405, 325
396, 328
410, 319
440, 345
440, 320
423, 306
448, 286
434, 283
409, 307
398, 281
392, 292
413, 317
437, 294
447, 271
468, 250
481, 247
493, 243
486, 270
458, 243
433, 241
430, 271
408, 284
386, 308
368, 311
348, 301
373, 271
376, 254
347, 247
371, 222
373, 220
388, 246
358, 239
377, 268
365, 249
370, 256
399, 238
415, 224
413, 236
440, 208
461, 206
461, 225
482, 206
510, 201
494, 213
507, 225
490, 216
509, 195
520, 223
523, 212
510, 208
481, 230
505, 231
515, 214
526, 199
497, 204
482, 179
490, 181
504, 172
494, 189
476, 184
495, 184
472, 176
468, 173
458, 146
461, 149
484, 168
499, 178
507, 186
503, 191
483, 163
469, 168
465, 149
488, 163
483, 169
488, 169
512, 196
533, 173
503, 150
524, 128
508, 127
524, 155
498, 157
485, 177
464, 155
483, 162
512, 183
505, 163
493, 163
514, 178
490, 174
508, 162
478, 140
508, 151
512, 173
527, 197
517, 192
520, 170
503, 188
531, 200
524, 228
507, 237
482, 257
507, 238
531, 258
548, 277
572, 292
577, 317
592, 296
572, 297
587, 296
599, 286
599, 306
569, 281
591, 276
570, 265
556, 236
559, 210
541, 220
555, 193
528, 192
547, 217
551, 190
561, 172
546, 165
568, 158
538, 128
553, 111
524, 122
495, 142
494, 118
485, 95
513, 68
492, 90
475, 77
460, 91
437, 120
408, 137
403, 150
395, 132
393, 146
389, 171
418, 186
410, 211
438, 202
422, 215
451, 220
442, 190
461, 209
466, 181
446, 195
458, 224
458, 250
488, 255
476, 275
451, 292
433, 289
449, 294
470, 308
489, 284
516, 269
486, 261
508, 265
497, 258
496, 269
467, 256
444, 259
431, 279
453, 287
483, 269
474, 287
453, 257
470, 227
465, 217
461, 215
476, 210
474, 192
476, 189
505, 179
511, 204
541, 197
530, 216
547, 222
569, 244
560, 254
556, 246
547, 262
559, 238
558, 217
531, 209
520, 191
514, 163
523, 159
508, 180
479, 150
507, 165
493, 182
491, 163
514, 167
494, 183
472, 202
451, 201
477, 172
475, 175
492, 184
511, 178
539, 196
569, 187
556, 170
579, 157
599, 145
599, 145
599, 131
577, 102
594, 107
584, 128
555, 151
531, 135
552, 151
551, 173
548, 151
545, 147
533, 161
508, 171
516, 190
535, 205
512, 184
505, 202
491, 221
502, 192
480, 221
456, 240
480, 253
499, 244
502, 217
517, 189
512, 193
524, 184
528, 202
516, 202
500, 198
512, 185
538, 181
551, 192
567, 188
541, 215
556, 242
575, 235
598, 264
599, 240
596, 246
599, 246
591, 218
599, 230
596, 213
599, 207
599, 224
587, 213
599, 232
571, 245
563, 238
557, 240
578, 257
588, 237
599, 233
599, 256
599, 275
577, 274
578, 293
593, 288
563, 315
559, 325
540, 326
529, 313
501, 333
501, 340
513, 354
535, 364
565, 349
579, 364
581, 349
580, 325
583, 324
578, 303
552, 297
536, 283
558, 255
556, 243
571, 222
570, 206
585, 195
563, 208
566, 205
559, 209
573, 228
553, 243
557, 213
555, 228
557, 216
576, 228
582, 253
583, 233
576, 215
599, 225
599, 220
594, 226
599, 231
599, 234
599, 258
595, 273
591, 292
599, 290
584, 286
570, 268
578, 276
589, 271
580, 277
566, 272
593, 257
567, 250
554, 272
547, 294
563, 268
572, 245
591, 272
599, 274
599, 286
591, 299
579, 306
563, 285
558, 260
575, 268
580, 268
569, 246
577, 242
554, 229
568, 217
562, 219
588, 206
573, 201
581, 225
562, 230
583, 260
594, 230
599, 227
572, 210
557, 239
548, 253
543, 230
539, 247
523, 225
499, 240
526, 219
537, 237
542, 264
554, 281
564, 302
544, 332
569, 351
547, 326
524, 302
509, 305
531, 284
538, 267
536, 243
523, 218
503, 231
528, 253
525, 264
539, 242
529, 261
523, 246
499, 253
522, 264
495, 254
486, 230
486, 257
487, 243
468, 235
453, 216
478, 236
486, 208
487, 202
517, 213
500, 232
486, 241
503, 237
523, 229
514, 201
518, 206
518, 209
501, 198
517, 192
545, 172
520, 192
511, 174
493, 187
517, 165
512, 183
534, 180
556, 155
575, 155
580, 165
594, 188
599, 203
599, 201
599, 224
599, 226
579, 223
560, 240
539, 246
514, 241
497, 259
517, 263
527, 239
508, 260
503, 232
517, 203
487, 223
476, 253
457, 224
452, 204
474, 223
481, 217
475, 218
468, 206
468, 203
498, 216
483, 235
457, 255
441, 271
453, 278
459, 300
453, 313
439, 309
430, 303
457, 313
436, 337
431, 339
460, 331
460, 301
477, 299
456, 292
469, 300
498, 279
527, 290
523, 268
532, 262
504, 243
485, 219
477, 234
472, 214
467, 225
490, 207
465, 211
478, 218
492, 245
509, 243
533, 249
522, 266
538, 275
533, 269
525, 239
502, 213
527, 225
524, 222
526, 201
517, 195
528, 205
506, 228
521, 202
505, 197
510, 205
496, 213
469, 228
446, 219
418, 202
432, 183
445, 204
473, 192
490, 166
476, 136
457, 120
443, 117
417, 102
388, 117
397, 97
391, 109
361, 122
361, 103
367, 118
346, 121
362, 115
345, 128
366, 99
350, 111
352, 116
342, 97
366, 117
354, 120
378, 120
389, 115
396, 98
382, 98
360, 93
337, 102
324, 84
333, 86
342, 99
328, 122
308, 99
309, 93
283, 103
301, 117
272, 103
287, 95
270, 73
278, 84
260, 87
274, 86
245, 102
262, 116
270, 137
242, 110
223, 95
246, 71
246, 81
262, 71
291, 76
274, 88
299, 89
279, 72
304, 96
300, 86
324, 96
334, 112
359, 105
381, 125
383, 95
395, 117
404, 135
416, 157
431, 148
435, 139
459, 165
471, 184
481, 194
482, 167
481, 180
457, 176
450, 189
467, 181
465, 209
481, 238
503, 248
484, 224
495, 227
487, 207
479, 224
479, 228
499, 216
484, 215
502, 195
514, 192
536, 206
560, 218
581, 203
559, 198
549, 193
559, 199
587, 175
599, 181
584, 183
558, 185
560, 212
549, 196
528, 175
554, 195
533, 222
506, 242
513, 250
494, 231
523, 203
524, 213
530, 210
507, 229
504, 207
526, 188
530, 162
558, 180
586, 153
558, 144
529, 168
503, 156
488, 129
462, 149
438, 152
447, 150
424, 160
400, 184
381, 200
388, 216
396, 221
389, 216
359, 219
368, 219
348, 203
346, 185
319, 167
297, 167
276, 195
255, 176
275, 193
284, 222
281, 196
304, 223
334, 225
310, 223
337, 204
311, 174
328, 161
352, 156
322, 150
320, 130
327, 137
326, 115
349, 122
319, 111
335, 94
336, 111
324, 114
318, 112
304, 98
293, 96
314, 112
320, 135
325, 108
336, 127
306, 152
316, 145
287, 146
306, 175
335, 171
327, 194
318, 165
342, 157
356, 173
326, 168
300, 175
312, 173
292, 161
296, 155
286, 138
311, 119
339, 111
332, 129
327, 142
318, 141
323, 164
315, 153
304, 171
328, 149
346, 131
365, 138
335, 127
352, 110
328, 85
313, 80
323, 103
300, 116
287, 88
283, 78
313, 108
307, 90
314, 101
300, 109
275, 111
292, 107
305, 136
300, 117
290, 116
268, 109
293, 122
267, 132
250, 133
221, 134
223, 138
237, 166
216, 183
240, 180
227, 155
227, 182
218, 172
230, 198
218, 181
212, 189
209, 162
217, 187
213, 180
224, 152
238, 122
239, 110
210, 89
188, 99
174, 98
190, 106
186, 92
184, 93
198, 108
203, 94
212, 103
194, 117
200, 122
171, 111
151, 119
145, 146
123, 166
101, 149
130, 152
154, 138
154, 132
125, 132
143, 159
114, 157
85, 160
69, 186
58, 193
64, 222
67, 233
91, 226
104, 231
105, 203
91, 203
93, 181
89, 177
90, 176
85, 180
88, 160
100, 181
130, 166
147, 182
143, 197
141, 208
135, 188
121, 170
144, 175
142, 150
153, 136
178, 149
204, 157
180, 149
193, 139
218, 155
237, 144
245, 134
230, 138
225, 139
221, 125
232, 116
221, 123
212, 99
203, 121
208, 125
190, 113
168, 90
159, 114
180, 103
152, 104
176, 108
202, 108
214, 130
229, 102
248, 108
254, 117
231, 117
209, 136
180, 121
154, 105
177, 92
160, 105
181, 135
176, 150
182, 148
154, 156
181, 132
194, 145
177, 174
169, 167
162, 156
177, 144
173, 116
145, 144
124, 136
121, 124
99, 138
125, 148
132, 129
149, 101
135, 126
129, 142
122, 129
139, 148
157, 177
159, 181
137, 163
128, 177
110, 162
80, 157
87, 146
64, 155
78, 175
106, 191
107, 195
83, 209
95, 230
105, 227
106, 239
118, 233
112, 209
118, 210
129, 192
119, 165
130, 182
142, 166
122, 187
117, 175
96, 201
91, 226
83, 245
88, 254
117, 277
106, 285
100, 257
72, 242
94, 236
85, 265
90, 249
89, 230
90, 228
83, 233
111, 250
100, 268
105, 267
90, 244
103, 230
113, 251
132, 236
148, 206
122, 178
115, 178
121, 202
95, 173
89, 189
67, 188
95, 187
106, 184
133, 162
127, 148
147, 128
140, 141
115, 136
107, 152
88, 169
71, 192
92, 211
67, 197
89, 194
96, 193
78, 176
91, 150
80, 163
110, 175
114, 176
116, 161
124, 165
151, 179
156, 195
135, 209
132, 211
141, 197
171, 208
165, 208
160, 209
185, 186
215, 196
193, 208
208, 238
205, 221
211, 244
221, 237
239, 216
255, 237
225, 247
243, 267
240, 266
262, 283
250, 271
248, 281
270, 267
273, 243
249, 269
276, 295
280, 311
274, 328
263, 337
259, 344
272, 362
302, 348
323, 335
306, 338
323, 349
337, 345
324, 341
317, 333
329, 312
321, 310
330, 324
352, 320
372, 295
363, 279
369, 273
356, 246
349, 232
321, 249
300, 269
281, 252
301, 235
313, 224
310, 200
325, 201
296, 210
312, 205
318, 176
346, 153
370, 146
394, 133
408, 128
399, 133
397, 140
405, 136
387, 133
370, 128
371, 153
361, 145
378, 156
356, 136
359, 120
373, 136
357, 124
353, 97
337, 106
310, 90
297, 92
269, 102
241, 82
233, 102
233, 101
238, 101
225, 117
241, 111
227, 124
253, 133
238, 111
225, 92
207, 100
198, 111
200, 106
228, 97
258, 84
273, 71
270, 69
292, 79
300, 79
277, 79
249, 101
241, 104
240, 85
224, 83
251, 79
264, 108
294, 90
286, 107
263, 95
237, 115
256, 117
230, 98
224, 104
248, 124
255, 97
258, 124
287, 119
271, 105
267, 106
296, 107
303, 124
324, 105
319, 110
325, 92
299, 113
310, 128
340, 128
334, 156
341, 148
350, 149
380, 161
366, 139
356, 169
350, 187
377, 174
357, 194
350, 216
369, 192
369, 166
373, 159
370, 138
353, 125
356, 151
374, 125
372, 146
397, 116
373, 100
357, 122
343, 98
324, 98
302, 102
303, 83
275, 109
304, 104
301, 127
307, 128
310, 110
310, 106
285, 123
275, 126
295, 155
312, 158
302, 153
297, 182
302, 177
284, 164
264, 174
286, 199
309, 228
312, 252
293, 227
282, 202
268, 183
255, 168
284, 175
289, 190
297, 181
320, 168
326, 167
314, 161
328, 156
344, 174
316, 162
343, 192
321, 181
341, 162
332, 170
316, 173
334, 202
351, 211
370, 199
396, 194
381, 188
370, 173
391, 144
369, 142
343, 162
326, 134
296, 153
300, 143
299, 119
321, 122
344, 125
318, 97
310, 109
296, 137
326, 131
320, 109
313, 101
303, 116
330, 103
310, 127
323, 105
330, 105
348, 114
339, 91
350, 92
367, 116
390, 106
389, 132
376, 118
378, 126
386, 115
387, 144
366, 121
360, 101
358, 95
333, 99
333, 100
349, 94
359, 111
368, 108
380, 134
401, 149
395, 163
392, 150
411, 136
438, 149
422, 125
450, 98
474, 113
473, 139
480, 151
471, 134
466, 137
477, 139
452, 168
479, 179
467, 189
440, 196
410, 180
409, 202
401, 225
390, 240
399, 221
401, 247
419, 248
420, 273
418, 274
418, 301
436, 284
457, 297
484, 300
463, 293
435, 278
410, 283
409, 284
421, 283
443, 274
421, 294
442, 301
446, 271
425, 285
411, 300
427, 278
424, 264
411, 258
386, 253
400, 265
406, 260
382, 250
352, 230
337, 225
325, 215
336, 227
326, 255
308, 239
308, 249
316, 255
326, 246
353, 220
357, 218
383, 194
401, 214
385, 215
411, 204
409, 212
438, 192
460, 170
481, 181
460, 165
480, 192
474, 163
471, 138
462, 140
450, 151
421, 140
434, 151
411, 130
407, 139
390, 136
395, 142
416, 131
421, 102
425, 118
422, 117
398, 117
427, 130
398, 111
375, 134
403, 131
385, 132
408, 106
398, 101
425, 109
397, 127
422, 104
394, 108
397, 110
396, 129
398, 119
392, 107
365, 113
390, 120
420, 138
407, 114
413, 102
416, 129
445, 100
424, 127
434, 121
430, 148
460, 148
477, 162
498, 174
491, 156
500, 163
484, 188
459, 184
471, 203
449, 204
478, 209
474, 234
469, 239
439, 224
414, 196
419, 225
413, 229
402, 240
387, 245
362, 265
332, 262
359, 255
379, 242
406, 214
402, 236
417, 261
440, 270
449, 298
448, 269
426, 272
426, 266
420, 243
397, 220
381, 195
401, 212
403, 225
404, 198
385, 184
412, 184
441, 190
469, 174
493, 185
468, 165
467, 156
494, 168
486, 144
512, 155
539, 160
534, 157
518, 181
507, 163
478, 171
467, 156
482, 128
496, 141
498, 132
473, 131
479, 132
461, 134
462, 117
470, 131
451, 143
455, 173
465, 153
446, 154
466, 173
489, 178
504, 208
477, 200
475, 230
505, 200
485, 209
473, 235
490, 209
462, 221
455, 234
432, 246
451, 224
479, 202
502, 203
526, 174
510, 150
483, 158
502, 159
523, 187
497, 205
523, 203
512, 195
503, 204
481, 195
458, 212
458, 227
431, 235
423, 230
432, 227
406, 210
411, 227
432, 236
426, 247
408, 255
411, 260
411, 230
412, 201
402, 229
416, 235
388, 264
409, 250
411, 274
411, 297
395, 283
421, 304
395, 288
415, 302
395, 277
372, 261
354, 245
339, 268
346, 258
375, 261
367, 278
387, 291
372, 301
346, 272
352, 244
341, 239
311, 216
286, 190
306, 191
293, 165
287, 192
299, 221
303, 201
292, 229
295, 231
293, 222
309, 224
317, 196
323, 218
349, 225
321, 204
328, 224
305, 254
296, 275
318, 275
301, 270
291, 273
276, 293
303, 290
291, 270
295, 274
295, 304
269, 317
249, 335
258, 318
231, 345
208, 357
193, 377
169, 357
163, 333
169, 343
198, 345
185, 316
185, 289
159, 299
154, 329
159, 328
178, 312
196, 324
180, 333
184, 310
214, 323
199, 346
199, 367
213, 384
218, 361
224, 374
215, 365
196, 337
224, 361
207, 356
209, 375
236, 357
262, 340
281, 348
253, 342
255, 357
245, 361
233, 357
221, 361
246, 347
226, 372
235, 367
211, 345
182, 375
187, 365
175, 358
197, 357
191, 329
170, 355
152, 342
140, 351
118, 338
112, 312
116, 332
109, 330
109, 304
84, 274
99, 249
106, 256
102, 245
80, 262
76, 262
79, 289
97, 306
108, 287
90, 313
98, 303
116, 321
146, 306
126, 315
102, 307
91, 307
68, 282
65, 256
85, 229
94, 216
90, 213
75, 212
77, 215
96, 213
91, 183
87, 209
65, 199
68, 219
65, 230
75, 238
92, 257
113, 245
87, 228
67, 238
85, 220
86, 192
80, 174
78, 193
90, 207
80, 205
66, 215
53, 228
33, 225
52, 203
72, 228
77, 201
80, 225
78, 244
104, 268
99, 270
78, 250
92, 232
100, 239
116, 211
146, 181
126, 195
152, 180
137, 176
153, 158
135, 147
140, 135
135, 126
111, 132
119, 127
141, 157
170, 152
185, 172
159, 171
131, 185
104, 214
89, 184
69, 195
95, 191
99, 161
120, 161
106, 169
89, 193
89, 208
101, 204
93, 182
91, 166
121, 156
150, 162
130, 159
137, 161
165, 147
174, 167
204, 182
174, 155
188, 173
178, 160
154, 131
157, 135
151, 144
177, 174
157, 189
150, 185
137, 155
147, 160
148, 155
158, 153
138, 178
130, 149
137, 163
139, 167
149, 142
153, 144
140, 117
145, 133
140, 140
169, 168
187, 162
209, 178
213, 166
220, 166
195, 144
203, 133
218, 142
217, 141
190, 147
182, 169
180, 176
157, 178
130, 178
133, 195
128, 170
133, 181
141, 183
152, 161
148, 173
134, 177
139, 193
109, 181
88, 195
73, 212
65, 227
69, 233
74, 207
92, 205
73, 202
98, 191
104, 200
119, 204
133, 188
124, 199
128, 197
142, 170
170, 158
173, 136
192, 142
219, 144
228, 124
223, 103
207, 93
216, 98
222, 101
239, 111
213, 103
216, 99
206, 69
188, 91
208, 84
182, 101
164, 122
158, 106
160, 118
177, 109
185, 94
196, 97
225, 101
204, 125
189, 123
184, 151
188, 121
197, 123
221, 118
209, 128
213, 140
194, 138
194, 132
183, 123
187, 107
213, 113
225, 91
196, 92
186, 108
160, 136
135, 144
157, 116
183, 143
181, 161
202, 165
230, 194
217, 164
219, 141
200, 114
192, 140
213, 167
190, 141
184, 121
200, 142
204, 153
214, 145
216, 138
195, 139
209, 157
233, 151
252, 123
259, 130
283, 134
300, 132
297, 140
280, 155
304, 144
293, 126
320, 149
346, 127
344, 114
319, 116
307, 97
332, 92
322, 121
318, 123
315, 148
319, 157
344, 137
315, 135
316, 163
292, 188
276, 183
272, 175
271, 196
260, 178
251, 192
245, 192
259, 216
247, 218
260, 192
264, 166
246, 145
254, 167
246, 170
251, 170
258, 177
253, 162
248, 182
229, 205
252, 216
277, 206
247, 228
259, 243
266, 221
268, 215
287, 187
259, 198
280, 220
254, 191
277, 193
292, 203
304, 203
327, 195
345, 191
345, 182
327, 182
322, 158
343, 136
345, 156
363, 137
386, 143
373, 156
343, 142
351, 142
356, 123
334, 106
317, 104
315, 122
315, 148
328, 170
327, 179
340, 165
356, 174
360, 158
362, 184
349, 212
357, 240
331, 249
309, 237
293, 224
267, 223
284, 200
280, 195
267, 216
270, 200
294, 194
281, 171
273, 156
264, 147
278, 158
296, 177
278, 159
302, 157
305, 185
331, 201
326, 224
310, 214
289, 228
261, 243
287, 217
287, 199
314, 213
342, 202
358, 212
351, 187
370, 211
348, 200
331, 170
312, 146
312, 156
307, 129
279, 148
259, 136
270, 157
268, 181
251, 208
233, 212
254, 204
260, 208
249, 231
272, 220
255, 245
278, 261
269, 280
240, 308
243, 318
244, 305
238, 306
258, 305
236, 316
218, 336
230, 361
241, 357
264, 369
284, 369
288, 351
313, 359
332, 336
336, 334
366, 320
368, 296
386, 321
356, 294
349, 306
377, 292
350, 306
369, 301
350, 275
348, 278
353, 270
336, 252
327, 232
312, 233
287, 221
267, 221
257, 193
235, 203
256, 184
241, 180
270, 199
272, 223
257, 250
265, 245
278, 257
253, 276
227, 258
229, 233
214, 249
235, 230
241, 252
265, 264
246, 270
271, 277
261, 279
237, 301
236, 306
242, 316
244, 328
232, 328
250, 333
250, 358
248, 364
223, 367
221, 376
242, 356
223, 361
222, 359
249, 368
235, 361
223, 365
228, 358
235, 375
238, 373
240, 371
252, 353
269, 350
268, 364
281, 378
302, 349
283, 340
275, 333
301, 309
288, 283
280, 290
284, 308
281, 304
259, 324
245, 340
227, 320
242, 347
233, 336
211, 308
205, 293
228, 310
213, 318
223, 322
214, 347
204, 337
206, 360
217, 382
241, 361
253, 351
252, 371
259, 360
229, 355
216, 341
223, 317
222, 289
210, 289
189, 301
169, 304
186, 298
183, 292
186, 293
172, 274
167, 251
155, 233
178, 205
171, 196
156, 194
171, 185
194, 177
177, 204
151, 177
173, 207
197, 224
219, 201
193, 173
219, 169
246, 143
238, 128
212, 99
200, 90
206, 119
222, 104
193, 104
207, 128
208, 109
191, 88
162, 105
155, 119
166, 141
164, 124
154, 148
152, 165
148, 135
118, 155
144, 134
116, 153
138, 164
132, 183
112, 203
100, 228
118, 221
104, 197
112, 170
129, 140
142, 137
113, 136
113, 136
122, 145
119, 141
140, 136
141, 114
163, 97
186, 103
175, 74
191, 56
200, 70
204, 95
225, 110
247, 102
261, 79
288, 94
296, 118
323, 108
317, 121
308, 116
282, 98
259, 88
270, 89
255, 116
285, 145
297, 156
318, 181
296, 153
279, 159
295, 136
279, 108
264, 116
248, 143
252, 131
232, 131
225, 110
240, 116
229, 138
213, 166
199, 192
182, 169
191, 158
184, 135
186, 153
182, 166
157, 136
150, 166
151, 180
122, 170
119, 173
149, 162
119, 173
104, 183
129, 159
143, 130
158, 112
143, 124
148, 143
174, 165
188, 145
178, 128
194, 118
220, 91
207, 108
182, 89
170, 104
190, 118
209, 144
179, 154
193, 140
218, 135
220, 119
227, 133
208, 144
238, 169
236, 164
266, 170
291, 169
300, 185
279, 171
295, 190
315, 193
299, 198
290, 197
260, 218
244, 219
226, 210
197, 238
184, 209
179, 236
182, 234
212, 211
213, 181
229, 151
209, 168
216, 138
222, 126
240, 126
230, 145
258, 154
260, 161
244, 136
262, 132
233, 139
263, 169
283, 151
288, 155
262, 129
246, 128
258, 144
229, 115
218, 127
189, 125
195, 150
189, 132
164, 133
177, 144
175, 115
154, 130
164, 139
187, 124
211, 152
224, 160
212, 162
213, 132
238, 115
251, 114
266, 108
248, 122
265, 121
277, 131
261, 131
284, 137
264, 130
278, 114
297, 89
275, 105
285, 98
276, 119
275, 109
253, 86
229, 83
258, 78
242, 104
225, 90
216, 85
216, 89
212, 82
241, 105
230, 129
202, 132
174, 108
194, 116
194, 137
170, 113
180, 106
151, 119
158, 141
174, 156
170, 137
167, 140
155, 112
139, 126
128, 156
132, 148
139, 171
168, 182
164, 202
191, 220
162, 250
190, 249
163, 231
171, 221
187, 212
196, 189
186, 208
180, 221
157, 226
168, 249
198, 229
222, 239
200, 214
218, 227
247, 228
237, 252
253, 243
267, 260
253, 258
282, 285
271, 274
283, 277
284, 297
254, 316
277, 289
284, 274
265, 270
276, 275
249, 261
219, 247
206, 225
232, 235
247, 209
270, 183
256, 183
275, 207
295, 229
283, 237
269, 265
258, 261
272, 289
301, 280
296, 300
270, 289
290, 308
284, 300
301, 308
294, 308
265, 312
237, 288
211, 302
208, 327
190, 352
160, 341
138, 331
120, 339
125, 348
115, 356
117, 365
120, 346
127, 351
127, 343
110, 352
98, 344
82, 314
112, 309
96, 294
120, 314
123, 310
145, 290
150, 264
156, 244
136, 264
154, 291
126, 302
122, 317
99, 304
86, 303
105, 275
80, 246
83, 261
61, 271
48, 279
62, 290
44, 295
21, 295
30, 266
8, 286
6, 281
35, 311
13, 341
25, 317
24, 323
24, 334
32, 318
47, 311
55, 313
57, 304
63, 291
49, 302
78, 276
82, 254
108, 260
78, 248
87, 249
87, 235
83, 219
73, 199
65, 196
90, 211
89, 202
69, 204
90, 220
72, 210
98, 214
83, 198
95, 181
97, 200
95, 224
119, 201
130, 171
156, 158
154, 168
171, 158
182, 159
176, 142
162, 149
173, 148
188, 154
195, 181
191, 188
176, 170
155, 152
159, 140
177, 119
167, 100
197, 85
223, 93
195, 87
197, 116
198, 121
190, 92
182, 117
206, 119
224, 99
196, 75
175, 85
196, 111
188, 124
203, 136
182, 140
211, 146
212, 157
204, 165
183, 188
190, 218
206, 204
185, 227
182, 215
